World size: 2
World size: 2
0 0.000103951
1 7.39098e-06
2 2.14577e-06
3 2.14577e-06
4 2.14577e-06
5 2.38419e-06
6 2.14577e-06
7 2.38419e-06
8 2.38419e-06
9 2.14577e-06
10 2.14577e-06
11 2.14577e-06
12 2.14577e-06
13 2.14577e-06
14 2.38419e-06
15 2.14577e-06
16 2.14577e-06
17 2.14577e-06
18 2.14577e-06
19 2.14577e-06
20 2.14577e-06
21 2.14577e-06
22 2.38419e-06
23 2.14577e-06
24 2.14577e-06
25 2.14577e-06
26 2.38419e-06
27 2.14577e-06
28 2.14577e-06
29 2.14577e-06
30 2.38419e-06
31 2.14577e-06
32 2.14577e-06
33 2.14577e-06
34 2.14577e-06
35 2.14577e-06
36 2.14577e-06
37 2.14577e-06
38 2.14577e-06
39 2.38419e-06
40 2.14577e-06
41 2.14577e-06
42 2.38419e-06
43 2.14577e-06
44 2.14577e-06
45 2.14577e-06
46 2.38419e-06
47 2.14577e-06
48 2.14577e-06
49 2.14577e-06
50 2.38419e-06
51 2.14577e-06
52 2.14577e-06
53 2.14577e-06
54 2.14577e-06
55 2.14577e-06
56 2.14577e-06
57 2.14577e-06
58 2.14577e-06
59 2.14577e-06
60 2.14577e-06
61 2.38419e-06
62 2.14577e-06
63 2.14577e-06
64 2.14577e-06
65 2.14577e-06
66 2.14577e-06
67 2.14577e-06
68 2.14577e-06
69 2.38419e-06
70 2.38419e-06
71 2.14577e-06
72 1.90735e-06
73 2.14577e-06
74 2.14577e-06
75 2.14577e-06
76 2.14577e-06
77 2.14577e-06
78 2.14577e-06
79 2.14577e-06
80 2.14577e-06
81 2.14577e-06
82 2.14577e-06
83 2.14577e-06
84 2.14577e-06
85 2.14577e-06
86 2.14577e-06
87 2.38419e-06
88 2.14577e-06
89 2.14577e-06
90 2.14577e-06
91 2.14577e-06
92 2.14577e-06
93 2.14577e-06
94 2.14577e-06
95 2.14577e-06
96 2.14577e-06
97 2.14577e-06
98 1.90735e-06
99 2.14577e-06
100 2.14577e-06
101 1.90735e-06
102 2.14577e-06
103 1.90735e-06
104 1.90735e-06
105 1.90735e-06
106 2.14577e-06
107 2.14577e-06
108 2.14577e-06
109 2.14577e-06
110 2.14577e-06
111 2.14577e-06
112 2.38419e-06
113 2.14577e-06
114 2.14577e-06
115 2.14577e-06
116 2.14577e-06
117 2.14577e-06
118 2.14577e-06
119 2.14577e-06
120 2.14577e-06
121 2.14577e-06
122 2.14577e-06
123 2.14577e-06
124 2.14577e-06
125 2.14577e-06
126 2.14577e-06
127 2.14577e-06
128 2.14577e-06
129 1.90735e-06
130 3.12328e-05
131 2.38419e-06
132 2.14577e-06
133 2.14577e-06
134 2.14577e-06
135 2.14577e-06
136 2.14577e-06
137 2.38419e-06
138 2.14577e-06
139 2.14577e-06
140 2.14577e-06
141 2.14577e-06
142 2.38419e-06
143 2.14577e-06
144 2.38419e-06
145 2.6226e-06
146 2.38419e-06
147 2.14577e-06
148 2.14577e-06
149 2.14577e-06
150 2.14577e-06
151 2.14577e-06
152 2.14577e-06
153 2.14577e-06
154 2.14577e-06
155 2.38419e-06
156 2.14577e-06
157 2.38419e-06
158 2.14577e-06
159 2.14577e-06
160 2.38419e-06
161 2.14577e-06
162 2.14577e-06
163 2.14577e-06
164 2.14577e-06
165 2.14577e-06
166 2.14577e-06
167 2.14577e-06
168 2.14577e-06
169 2.14577e-06
170 2.14577e-06
171 2.14577e-06
172 2.38419e-06
173 2.14577e-06
174 2.14577e-06
175 2.14577e-06
176 2.14577e-06
177 2.14577e-06
178 2.14577e-06
179 2.14577e-06
180 2.14577e-06
181 2.14577e-06
182 2.38419e-06
183 2.14577e-06
184 2.38419e-06
185 2.38419e-06
186 2.38419e-06
187 2.38419e-06
188 2.38419e-06
189 2.14577e-06
190 2.14577e-06
191 2.14577e-06
192 2.14577e-06
193 2.38419e-06
194 2.14577e-06
195 1.90735e-06
196 2.14577e-06
197 2.86102e-06
198 1.90735e-06
199 1.90735e-06
200 2.14577e-06
201 2.14577e-06
202 1.90735e-06
203 2.14577e-06
204 2.14577e-06
205 1.90735e-06
206 2.14577e-06
207 2.14577e-06
208 2.14577e-06
209 1.90735e-06
210 1.90735e-06
211 2.14577e-06
212 1.90735e-06
213 1.90735e-06
214 2.14577e-06
215 2.14577e-06
216 2.14577e-06
217 1.90735e-06
218 1.90735e-06
219 2.14577e-06
220 2.14577e-06
221 1.90735e-06
222 1.90735e-06
223 1.90735e-06
224 2.14577e-06
225 2.14577e-06
226 2.38419e-06
227 2.14577e-06
228 2.14577e-06
229 2.14577e-06
230 1.90735e-06
231 2.14577e-06
232 2.14577e-06
233 2.38419e-06
234 1.90735e-06
235 2.14577e-06
236 2.14577e-06
237 2.14577e-06
238 2.14577e-06
239 2.14577e-06
240 1.90735e-06
241 2.14577e-06
242 1.90735e-06
243 1.90735e-06
244 2.14577e-06
245 2.14577e-06
246 1.90735e-06
247 2.14577e-06
248 2.14577e-06
249 2.14577e-06
250 2.14577e-06
251 2.14577e-06
252 2.14577e-06
253 2.14577e-06
254 1.90735e-06
255 2.14577e-06
256 2.14577e-06
257 2.14577e-06
258 2.14577e-06
259 2.38419e-06
260 2.14577e-06
261 2.14577e-06
262 2.14577e-06
263 2.14577e-06
264 2.14577e-06
265 2.14577e-06
266 1.90735e-06
267 2.14577e-06
268 2.14577e-06
269 2.14577e-06
270 2.14577e-06
271 2.14577e-06
272 1.90735e-06
273 2.14577e-06
274 2.14577e-06
275 2.14577e-06
276 1.90735e-06
277 2.14577e-06
278 2.14577e-06
279 2.14577e-06
280 2.14577e-06
281 2.14577e-06
282 2.14577e-06
283 2.14577e-06
284 2.14577e-06
285 2.14577e-06
286 2.14577e-06
287 1.90735e-06
288 2.14577e-06
289 2.14577e-06
290 2.14577e-06
291 2.14577e-06
292 1.90735e-06
293 2.14577e-06
294 2.14577e-06
295 2.14577e-06
296 2.38419e-06
297 2.14577e-06
298 1.90735e-06
299 2.14577e-06
300 2.14577e-06
301 2.14577e-06
302 2.14577e-06
303 2.38419e-06
304 1.90735e-06
305 2.14577e-06
306 2.14577e-06
307 2.14577e-06
308 1.90735e-06
309 2.14577e-06
310 2.14577e-06
311 1.90735e-06
312 1.90735e-06
313 2.14577e-06
314 2.14577e-06
315 2.14577e-06
316 1.90735e-06
317 2.14577e-06
318 1.90735e-06
319 2.14577e-06
320 2.14577e-06
321 2.14577e-06
322 2.14577e-06
323 2.14577e-06
324 2.14577e-06
325 2.14577e-06
326 1.90735e-06
327 1.90735e-06
328 2.14577e-06
329 2.14577e-06
330 2.14577e-06
331 1.90735e-06
332 2.14577e-06
333 2.14577e-06
334 2.14577e-06
335 2.14577e-06
336 2.14577e-06
337 2.14577e-06
338 2.14577e-06
339 1.90735e-06
340 2.14577e-06
341 2.14577e-06
342 1.90735e-06
343 1.90735e-06
344 2.38419e-06
345 2.14577e-06
346 2.14577e-06
347 1.90735e-06
348 1.90735e-06
349 2.14577e-06
350 2.14577e-06
351 2.14577e-06
352 2.14577e-06
353 1.90735e-06
354 2.38419e-06
355 2.14577e-06
356 2.14577e-06
357 2.14577e-06
358 2.14577e-06
359 2.14577e-06
360 2.14577e-06
361 2.14577e-06
362 2.14577e-06
363 2.14577e-06
364 2.14577e-06
365 2.14577e-06
366 1.90735e-06
367 1.90735e-06
368 1.90735e-06
369 2.14577e-06
370 2.14577e-06
371 2.14577e-06
372 2.14577e-06
373 2.14577e-06
374 1.90735e-06
375 2.14577e-06
376 1.90735e-06
377 2.14577e-06
378 2.14577e-06
379 2.14577e-06
380 1.90735e-06
381 2.14577e-06
382 2.14577e-06
383 2.14577e-06
384 2.14577e-06
385 2.14577e-06
386 2.14577e-06
387 1.90735e-06
388 1.90735e-06
389 1.90735e-06
390 2.14577e-06
391 1.90735e-06
392 1.90735e-06
393 1.90735e-06
394 1.90735e-06
395 1.90735e-06
396 1.90735e-06
397 2.38419e-06
398 2.14577e-06
399 2.14577e-06
400 2.14577e-06
401 2.14577e-06
402 1.90735e-06
403 1.90735e-06
404 2.86102e-06
405 1.90735e-06
406 1.90735e-06
407 1.90735e-06
408 1.90735e-06
409 2.14577e-06
410 2.14577e-06
411 2.14577e-06
412 1.90735e-06
413 1.90735e-06
414 2.14577e-06
415 1.90735e-06
416 2.14577e-06
417 2.14577e-06
418 2.14577e-06
419 2.14577e-06
420 2.14577e-06
421 1.90735e-06
422 2.14577e-06
423 2.14577e-06
424 2.14577e-06
425 1.90735e-06
426 2.14577e-06
427 2.14577e-06
428 2.14577e-06
429 2.14577e-06
430 2.14577e-06
431 2.14577e-06
432 2.14577e-06
433 2.14577e-06
434 2.14577e-06
435 2.14577e-06
436 1.90735e-06
437 2.14577e-06
438 2.14577e-06
439 2.14577e-06
440 2.14577e-06
441 1.90735e-06
442 2.14577e-06
443 2.14577e-06
444 1.90735e-06
445 2.14577e-06
446 2.14577e-06
447 2.14577e-06
448 2.14577e-06
449 2.14577e-06
450 2.14577e-06
451 2.14577e-06
452 2.14577e-06
453 2.14577e-06
454 2.14577e-06
455 1.90735e-06
456 1.90735e-06
457 2.38419e-06
458 1.90735e-06
459 2.14577e-06
460 2.14577e-06
461 2.14577e-06
462 2.14577e-06
463 1.90735e-06
464 2.14577e-06
465 2.14577e-06
466 2.14577e-06
467 2.14577e-06
468 2.14577e-06
469 2.14577e-06
470 2.14577e-06
471 2.14577e-06
472 2.14577e-06
473 2.14577e-06
474 2.14577e-06
475 1.90735e-06
476 1.90735e-06
477 1.90735e-06
478 1.90735e-06
479 1.90735e-06
480 1.90735e-06
481 2.14577e-06
482 2.14577e-06
483 1.90735e-06
484 2.14577e-06
485 1.90735e-06
486 1.90735e-06
487 1.90735e-06
488 2.14577e-06
489 2.14577e-06
490 2.14577e-06
491 2.14577e-06
492 2.14577e-06
493 2.6226e-06
494 2.14577e-06
495 1.90735e-06
496 2.14577e-06
497 1.90735e-06
498 2.14577e-06
499 1.90735e-06
500 2.14577e-06
501 1.90735e-06
502 2.14577e-06
503 2.14577e-06
504 2.14577e-06
505 2.14577e-06
506 2.14577e-06
507 2.14577e-06
508 2.14577e-06
509 2.14577e-06
510 2.14577e-06
511 1.90735e-06
512 2.14577e-06
513 2.14577e-06
514 2.14577e-06
515 1.90735e-06
516 2.14577e-06
517 2.14577e-06
518 2.14577e-06
519 2.14577e-06
520 1.90735e-06
521 2.14577e-06
522 2.14577e-06
523 1.90735e-06
524 1.90735e-06
525 2.14577e-06
526 2.14577e-06
527 1.90735e-06
528 2.14577e-06
529 2.14577e-06
530 2.14577e-06
531 2.14577e-06
532 2.14577e-06
533 2.14577e-06
534 2.14577e-06
535 2.14577e-06
536 1.90735e-06
537 2.14577e-06
538 2.14577e-06
539 1.90735e-06
540 2.14577e-06
541 2.14577e-06
542 2.14577e-06
543 2.14577e-06
544 2.14577e-06
545 2.14577e-06
546 1.90735e-06
547 2.14577e-06
548 2.14577e-06
549 2.14577e-06
550 2.14577e-06
551 1.90735e-06
552 1.90735e-06
553 2.14577e-06
554 2.14577e-06
555 1.90735e-06
556 1.90735e-06
557 2.14577e-06
558 1.90735e-06
559 1.90735e-06
560 2.14577e-06
561 1.90735e-06
562 2.14577e-06
563 1.90735e-06
564 2.14577e-06
565 2.14577e-06
566 1.90735e-06
567 2.14577e-06
568 2.14577e-06
569 1.90735e-06
570 2.14577e-06
571 2.14577e-06
572 2.14577e-06
573 1.90735e-06
574 2.14577e-06
575 2.14577e-06
576 2.14577e-06
577 1.90735e-06
578 1.90735e-06
579 2.14577e-06
580 2.14577e-06
581 2.14577e-06
582 2.14577e-06
583 1.90735e-06
584 2.14577e-06
585 1.90735e-06
586 1.90735e-06
587 2.14577e-06
588 2.14577e-06
589 2.14577e-06
590 2.14577e-06
591 2.14577e-06
592 2.14577e-06
593 2.14577e-06
594 2.14577e-06
595 2.14577e-06
596 2.14577e-06
597 2.14577e-06
598 2.14577e-06
599 1.90735e-06
600 1.90735e-06
601 2.14577e-06
602 1.90735e-06
603 2.14577e-06
604 1.90735e-06
605 1.90735e-06
606 1.90735e-06
607 2.14577e-06
608 1.90735e-06
609 2.14577e-06
610 1.90735e-06
611 1.90735e-06
612 1.90735e-06
613 1.90735e-06
614 2.14577e-06
615 2.14577e-06
616 2.14577e-06
617 2.6226e-06
618 2.14577e-06
619 2.14577e-06
620 2.14577e-06
621 2.14577e-06
622 2.38419e-06
623 2.14577e-06
624 2.14577e-06
625 2.38419e-06
626 2.14577e-06
627 2.14577e-06
628 2.14577e-06
629 2.14577e-06
630 2.14577e-06
631 2.14577e-06
632 2.14577e-06
633 2.14577e-06
634 2.14577e-06
635 2.14577e-06
636 2.14577e-06
637 2.14577e-06
638 2.86102e-06
639 2.14577e-06
640 2.14577e-06
641 2.14577e-06
642 2.14577e-06
643 2.14577e-06
644 2.38419e-06
645 2.14577e-06
646 2.14577e-06
647 2.14577e-06
648 2.14577e-06
649 2.14577e-06
650 2.14577e-06
651 2.14577e-06
652 1.90735e-06
653 2.14577e-06
654 2.14577e-06
655 2.14577e-06
656 2.14577e-06
657 2.14577e-06
658 2.14577e-06
659 2.14577e-06
660 2.14577e-06
661 2.14577e-06
662 2.14577e-06
663 2.38419e-06
664 2.38419e-06
665 2.38419e-06
666 2.14577e-06
667 2.14577e-06
668 2.14577e-06
669 2.14577e-06
670 2.14577e-06
671 2.14577e-06
672 2.14577e-06
673 2.14577e-06
674 2.14577e-06
675 2.14577e-06
676 2.38419e-06
677 2.38419e-06
678 2.38419e-06
679 2.14577e-06
680 2.14577e-06
681 2.14577e-06
682 2.38419e-06
683 2.14577e-06
684 2.14577e-06
685 2.38419e-06
686 2.38419e-06
687 2.14577e-06
688 2.38419e-06
689 2.14577e-06
690 2.14577e-06
691 1.90735e-06
692 1.90735e-06
693 2.14577e-06
694 2.38419e-06
695 2.14577e-06
696 2.14577e-06
697 2.14577e-06
698 2.14577e-06
699 2.14577e-06
700 2.14577e-06
701 1.90735e-06
702 2.14577e-06
703 2.14577e-06
704 2.14577e-06
705 2.14577e-06
706 2.14577e-06
707 2.6226e-06
708 2.14577e-06
709 1.90735e-06
710 2.14577e-06
711 1.90735e-06
712 2.14577e-06
713 1.90735e-06
714 2.14577e-06
715 1.90735e-06
716 1.90735e-06
717 2.14577e-06
718 1.90735e-06
719 2.14577e-06
720 2.14577e-06
721 1.90735e-06
722 2.14577e-06
723 1.90735e-06
724 1.90735e-06
725 2.14577e-06
726 2.14577e-06
727 2.6226e-06
728 1.90735e-06
729 1.90735e-06
730 1.90735e-06
731 2.14577e-06
732 1.90735e-06
733 1.90735e-06
734 2.14577e-06
735 2.14577e-06
736 2.14577e-06
737 2.14577e-06
738 2.14577e-06
739 1.90735e-06
740 2.14577e-06
741 1.90735e-06
742 1.90735e-06
743 1.90735e-06
744 1.90735e-06
745 2.14577e-06
746 2.14577e-06
747 1.90735e-06
748 2.6226e-06
749 1.90735e-06
750 2.14577e-06
751 2.14577e-06
752 2.14577e-06
753 2.14577e-06
754 2.14577e-06
755 2.14577e-06
756 2.14577e-06
757 2.14577e-06
758 2.14577e-06
759 2.14577e-06
760 2.14577e-06
761 1.90735e-06
762 2.38419e-06
763 2.14577e-06
764 2.14577e-06
765 2.14577e-06
766 2.14577e-06
767 2.14577e-06
768 1.90735e-06
769 1.90735e-06
770 1.90735e-06
771 2.14577e-06
772 2.14577e-06
773 2.14577e-06
774 2.14577e-06
775 2.14577e-06
776 1.90735e-06
777 1.90735e-06
778 1.90735e-06
779 2.14577e-06
780 2.14577e-06
781 2.14577e-06
782 1.90735e-06
783 1.90735e-06
784 2.14577e-06
785 2.14577e-06
786 1.90735e-06
787 2.38419e-06
788 1.90735e-06
789 2.14577e-06
790 2.14577e-06
791 2.14577e-06
792 2.38419e-06
793 2.14577e-06
794 2.14577e-06
795 2.14577e-06
796 2.14577e-06
797 1.90735e-06
798 2.14577e-06
799 2.14577e-06
800 1.90735e-06
801 1.90735e-06
802 2.14577e-06
803 2.14577e-06
804 1.90735e-06
805 1.90735e-06
806 2.14577e-06
807 1.90735e-06
808 1.90735e-06
809 2.86102e-06
810 2.14577e-06
811 2.14577e-06
812 2.14577e-06
813 2.14577e-06
814 2.14577e-06
815 1.90735e-06
816 2.14577e-06
817 2.14577e-06
818 2.14577e-06
819 1.90735e-06
820 2.14577e-06
821 2.14577e-06
822 2.14577e-06
823 1.90735e-06
824 2.14577e-06
825 2.14577e-06
826 2.14577e-06
827 2.14577e-06
828 1.90735e-06
829 2.86102e-06
830 2.14577e-06
831 1.90735e-06
832 2.14577e-06
833 2.14577e-06
834 1.90735e-06
835 2.14577e-06
836 2.14577e-06
837 1.90735e-06
838 2.14577e-06
839 2.14577e-06
840 2.14577e-06
841 2.14577e-06
842 2.14577e-06
843 2.14577e-06
844 1.90735e-06
845 2.14577e-06
846 1.90735e-06
847 1.90735e-06
848 2.14577e-06
849 1.90735e-06
850 1.90735e-06
851 1.90735e-06
852 2.38419e-06
853 2.14577e-06
854 2.14577e-06
855 2.14577e-06
856 1.90735e-06
857 1.90735e-06
858 2.14577e-06
859 2.14577e-06
860 2.14577e-06
861 2.14577e-06
862 1.90735e-06
863 2.14577e-06
864 2.14577e-06
865 2.14577e-06
866 1.90735e-06
867 1.90735e-06
868 1.90735e-06
869 2.14577e-06
870 1.90735e-06
871 2.14577e-06
872 1.90735e-06
873 1.90735e-06
874 2.14577e-06
875 1.90735e-06
876 2.14577e-06
877 2.14577e-06
878 2.14577e-06
879 2.14577e-06
880 2.14577e-06
881 2.14577e-06
882 2.14577e-06
883 2.14577e-06
884 2.14577e-06
885 2.14577e-06
886 2.14577e-06
887 2.14577e-06
888 2.14577e-06
889 2.14577e-06
890 2.14577e-06
891 2.14577e-06
892 1.90735e-06
893 1.90735e-06
894 1.90735e-06
895 2.14577e-06
896 2.14577e-06
897 1.90735e-06
898 1.90735e-06
899 2.14577e-06
900 2.14577e-06
901 2.14577e-06
902 1.90735e-06
903 2.14577e-06
904 1.90735e-06
905 1.90735e-06
906 1.90735e-06
907 1.90735e-06
908 2.14577e-06
909 2.14577e-06
910 2.14577e-06
911 2.14577e-06
912 1.90735e-06
913 2.14577e-06
914 1.90735e-06
915 1.90735e-06
916 2.14577e-06
917 2.14577e-06
918 2.14577e-06
919 1.90735e-06
920 2.14577e-06
921 2.14577e-06
922 2.14577e-06
923 2.14577e-06
924 2.14577e-06
925 1.90735e-06
926 1.90735e-06
927 1.90735e-06
928 1.90735e-06
929 1.90735e-06
930 2.14577e-06
931 2.14577e-06
932 2.14577e-06
933 2.14577e-06
934 2.14577e-06
935 2.14577e-06
936 2.14577e-06
937 2.14577e-06
938 2.14577e-06
939 1.90735e-06
940 2.38419e-06
941 2.14577e-06
942 2.14577e-06
943 1.90735e-06
944 6.67572e-06
945 1.90735e-06
946 2.14577e-06
947 2.14577e-06
948 2.14577e-06
949 2.14577e-06
950 2.14577e-06
951 2.14577e-06
952 2.14577e-06
953 1.90735e-06
954 1.90735e-06
955 2.14577e-06
956 2.14577e-06
957 2.14577e-06
958 1.90735e-06
959 2.38419e-06
960 2.14577e-06
961 2.14577e-06
962 1.90735e-06
963 2.14577e-06
964 2.14577e-06
965 2.14577e-06
966 2.14577e-06
967 2.14577e-06
968 2.14577e-06
969 2.38419e-06
970 2.14577e-06
971 2.14577e-06
972 1.90735e-06
973 1.90735e-06
974 2.14577e-06
975 2.14577e-06
976 2.14577e-06
977 1.90735e-06
978 2.14577e-06
979 2.14577e-06
980 2.14577e-06
981 1.90735e-06
982 2.14577e-06
983 2.14577e-06
984 1.90735e-06
985 2.14577e-06
986 2.14577e-06
987 1.90735e-06
988 1.90735e-06
989 1.90735e-06
990 1.90735e-06
991 2.14577e-06
992 2.14577e-06
993 1.90735e-06
994 2.14577e-06
995 2.14577e-06
996 2.14577e-06
997 2.14577e-06
998 2.14577e-06
999 2.14577e-06
The average of 2000 trials is: 1.12593e-06
