World size: 2
World size: 2
0 0.000942945
1 0.000103474
2 0.000146866
3 0.000154257
4 0.000142813
5 9.65595e-05
6 0.000134945
7 0.000154495
8 0.000152349
9 0.000152111
10 0.000152588
11 0.000143766
12 0.000142813
13 0.000143766
14 0.000143766
15 0.000143766
16 0.00013876
17 0.000140429
18 0.000139475
19 0.000119925
20 0.00013876
21 0.000138998
22 0.000138998
23 0.000138998
24 0.000138521
25 0.00013566
26 0.00013876
27 0.000138521
28 0.000139713
29 0.00013876
30 0.00013566
31 0.000139475
32 0.000139236
33 0.000131845
34 0.000140429
35 0.000139236
36 0.000143528
37 0.000138998
38 0.000139236
39 0.000143528
40 0.000139236
41 0.000139236
42 0.000141621
43 0.000139236
44 0.000139475
45 0.00014329
46 0.00013876
47 0.000136137
48 0.000142097
49 0.00014019
50 0.000141382
51 0.000139952
52 0.000145197
53 0.000141859
54 0.000142336
55 0.000141859
56 0.000140667
57 0.000143051
58 0.000143528
59 0.000143766
60 0.000142813
61 0.000139713
62 0.000141621
63 0.000138283
64 0.000142574
65 0.000141144
66 0.000142097
67 0.000142574
68 0.000142574
69 0.000143528
70 0.000142336
71 0.000142574
72 0.000141382
73 0.000141621
74 0.000141859
75 0.00013876
76 0.000143528
77 0.000143528
78 0.000142574
79 0.000141621
80 0.000142336
81 0.000142813
82 0.000142574
83 0.00014019
84 0.000144005
85 0.000142813
86 0.000141859
87 0.000142574
88 0.000142813
89 0.000139236
90 0.000141859
91 0.000142574
92 0.000141382
93 0.000139952
94 0.000141621
95 0.000141382
96 0.000143051
97 0.000141859
98 0.000142574
99 0.000142574
100 0.000142574
101 0.000142813
102 0.000143528
103 0.000140429
104 0.000142574
105 0.000142813
106 0.000143528
107 0.000142574
108 0.00014472
109 0.000142574
110 0.000140667
111 0.000141382
112 0.00014329
113 0.000141144
114 0.000141859
115 0.000141621
116 0.000142574
117 0.000141382
118 0.000142336
119 0.000142574
120 0.000141621
121 0.000141382
122 0.000142813
123 0.000144005
124 0.000143051
125 0.000141621
126 0.000141621
127 0.000142574
128 0.000141621
129 0.000140905
130 0.000142813
131 0.000139475
132 0.000145674
133 0.000145912
134 0.000144005
135 0.000145435
136 0.000147581
137 0.000142574
138 0.000144482
139 0.000144243
140 0.000144243
141 0.000142574
142 0.000142813
143 0.000144958
144 0.000146866
145 0.000140905
146 0.000146389
147 0.000146151
148 0.000145674
149 0.000145435
150 0.000145674
151 0.000145197
152 0.000144005
153 0.000142336
154 0.000144005
155 0.000142336
156 0.000144482
157 0.000143766
158 0.00014782
159 0.000146627
160 0.000144005
161 0.000143766
162 0.00014472
163 0.000142813
164 0.000145674
165 0.000143528
166 0.000146389
167 0.000144958
168 0.000146866
169 0.00014329
170 0.000144482
171 0.000144243
172 0.00014782
173 0.000145197
174 0.000145435
175 0.000145674
176 0.000146866
177 0.000143528
178 0.000148058
179 0.00014472
180 0.000144958
181 0.00014472
182 0.000145197
183 0.00014329
184 0.000145435
185 0.00014472
186 0.000144958
187 0.000144243
188 0.000144482
189 0.000144005
190 0.000145197
191 0.000144243
192 0.000146151
193 0.00014472
194 0.000146866
195 0.000145912
196 0.000145435
197 0.000144243
198 0.000144243
199 0.000144958
200 0.000145435
201 0.000144482
202 0.000144482
203 0.000143051
204 0.000146389
205 0.000145197
206 0.000145435
207 0.000145674
208 0.000145674
209 0.000145197
210 0.000145435
211 0.000144482
212 0.000144482
213 0.000143051
214 0.000146866
215 0.00014472
216 0.000145435
217 0.00014472
218 0.000143766
219 0.000144482
220 0.000145435
221 0.00014472
222 0.000144482
223 0.00014472
224 0.000145197
225 0.000143528
226 0.000144482
227 0.000144958
228 0.000146627
229 0.00014472
230 0.000144005
231 0.000144005
232 0.000146866
233 0.000143528
234 0.000146627
235 0.000146389
236 0.000145674
237 0.000145197
238 0.000144958
239 0.000144243
240 0.000144482
241 0.00014329
242 0.000146627
243 0.000144482
244 0.000145197
245 0.00014329
246 0.000144243
247 0.000146866
248 0.000147343
249 0.000143051
250 0.000146866
251 0.000145197
252 0.000146151
253 0.000145197
254 0.000144482
255 0.000144482
256 0.000146866
257 0.000142097
258 0.000145197
259 0.000145197
260 0.000145435
261 0.000144243
262 0.000145197
263 0.000144958
264 0.000146389
265 0.000145435
266 0.000145435
267 0.000145197
268 0.000144243
269 0.000144243
270 0.000145197
271 0.000145435
272 0.000145674
273 0.000144958
274 0.000145197
275 0.000144243
276 0.00014329
277 0.000144958
278 0.000144243
279 0.000146627
280 0.000147104
281 0.000142813
282 0.000146151
283 0.000146389
284 0.000146866
285 0.000144243
286 0.00014472
287 0.000144243
288 0.000144958
289 0.000143051
290 0.000144482
291 0.000144243
292 0.000144243
293 0.000145674
294 0.000145197
295 0.000145435
296 0.000145674
297 0.000144005
298 0.000145435
299 0.000141144
300 0.000145435
301 0.000145435
302 0.000145197
303 0.000144005
304 0.000146389
305 0.000142574
306 0.000145674
307 0.000145197
308 0.00014472
309 0.000144482
310 0.000144482
311 0.000143528
312 0.000141382
313 0.000143766
314 0.000146151
315 0.000146866
316 0.000146389
317 0.000145435
318 0.000145435
319 0.000146389
320 0.000146389
321 0.000145435
322 0.000145674
323 0.00014472
324 0.000144958
325 0.00014329
326 0.000142574
327 0.000145912
328 0.000146389
329 0.000145674
330 0.000145197
331 0.000145197
332 0.000144958
333 0.000144243
334 0.00014472
335 0.000144243
336 0.000144958
337 0.00014329
338 0.000146866
339 0.000145674
340 0.000143528
341 0.000144958
342 0.000144482
343 0.000144005
344 0.000144958
345 0.000142574
346 0.000144482
347 0.000144482
348 0.000144958
349 0.000144005
350 0.00014472
351 0.000144243
352 0.000147104
353 0.000142097
354 0.00014472
355 0.000144958
356 0.000145435
357 0.000144243
358 0.000144482
359 0.000145674
360 0.000142813
361 0.000143766
362 0.000144243
363 0.000143051
364 0.000144958
365 0.000145435
366 0.000145197
367 0.000144958
368 0.000143528
369 0.000143528
370 0.000144482
371 0.00014329
372 0.000146389
373 0.000144958
374 0.000144958
375 0.000144958
376 0.000144958
377 0.000144482
378 0.000144005
379 0.000144243
380 0.000142813
381 0.000146627
382 0.00014329
383 0.000144482
384 0.000145197
385 0.000143528
386 0.000144482
387 0.000146627
388 0.000143528
389 0.000144005
390 0.000143528
391 0.000146389
392 0.000146866
393 0.000142813
394 0.000146151
395 0.000144243
396 0.00014329
397 0.000143766
398 0.000144958
399 0.000147104
400 0.000144482
401 0.000145912
402 0.000144243
403 0.000146151
404 0.000145912
405 0.000145197
406 0.000145197
407 0.000142813
408 0.000147343
409 0.000143051
410 0.000144958
411 0.000146866
412 0.000146866
413 0.000146389
414 0.000145674
415 0.000145674
416 0.000146627
417 0.000145435
418 0.000145435
419 0.000143766
420 0.000144243
421 0.000143766
422 0.000146389
423 0.000145197
424 0.000143528
425 0.000144482
426 0.00014329
427 0.000144243
428 0.000146151
429 0.000147104
430 0.000144958
431 0.000144243
432 0.00014472
433 0.000143528
434 0.000145197
435 0.000145435
436 0.000145435
437 0.000145197
438 0.000143051
439 0.000144243
440 0.00014472
441 0.000143051
442 0.000145674
443 0.000145197
444 0.000146151
445 0.000145197
446 0.000144482
447 0.000144482
448 0.000144958
449 0.000144005
450 0.000143528
451 0.000144958
452 0.00014472
453 0.000145435
454 0.000145435
455 0.000144482
456 0.000144482
457 0.000144958
458 0.000144482
459 0.000143766
460 0.000146866
461 0.000144958
462 0.000146389
463 0.000145674
464 0.000146151
465 0.000146151
466 0.000145674
467 0.00014472
468 0.000145435
469 0.000144005
470 0.000145197
471 0.000146389
472 0.00014472
473 0.000144005
474 0.000143528
475 0.000147104
476 0.000144005
477 0.000145674
478 0.000145674
479 0.000145912
480 0.00014472
481 0.000144482
482 0.00014472
483 0.00014329
484 0.000144243
485 0.000146627
486 0.000146151
487 0.000145674
488 0.000145197
489 0.000145197
490 0.000145674
491 0.000144005
492 0.00014472
493 0.00014782
494 0.000145674
495 0.000144958
496 0.000144958
497 0.000144005
498 0.000144958
499 0.000146389
500 0.000144243
501 0.000145674
502 0.000145912
503 0.000144958
504 0.000145674
505 0.00014472
506 0.000144243
507 0.000146866
508 0.00014472
509 0.000144482
510 0.000144243
511 0.00014472
512 0.00014472
513 0.000144482
514 0.000145912
515 0.000144482
516 0.000145435
517 0.000145197
518 0.000144482
519 0.000144005
520 0.00014472
521 0.000144482
522 0.00014329
523 0.000146627
524 0.000145912
525 0.000144958
526 0.000144482
527 0.000144482
528 0.000144958
529 0.000144482
530 0.000144958
531 0.000144482
532 0.000144243
533 0.000144243
534 0.000146151
535 0.000147581
536 0.000146151
537 0.000143051
538 0.000146151
539 0.000144958
540 0.000144243
541 0.000145197
542 0.00014472
543 0.000144958
544 0.000146151
545 0.000145197
546 0.000145435
547 0.000144243
548 0.000145435
549 0.000145197
550 0.00014329
551 0.000145912
552 0.000146866
553 0.000143528
554 0.000146627
555 0.000144005
556 0.000144482
557 0.000144243
558 0.000146866
559 0.000146627
560 0.000147104
561 0.000143766
562 0.000146627
563 0.000146151
564 0.000144243
565 0.00014329
566 0.00014472
567 0.000146627
568 0.000146389
569 0.000142336
570 0.000143051
571 0.000146627
572 0.00014329
573 0.000145674
574 0.000144958
575 0.000144243
576 0.000145197
577 0.000145674
578 0.000143528
579 0.000144243
580 0.000144005
581 0.000146151
582 0.000145674
583 0.00014472
584 0.000146866
585 0.000145674
586 0.000145912
587 0.000144482
588 0.000144958
589 0.000144243
590 0.000144482
591 0.000139236
592 0.000146151
593 0.000142813
594 0.000145912
595 0.000145674
596 0.000144243
597 0.000146151
598 0.000146627
599 0.000145435
600 0.000146389
601 0.000142813
602 0.000145912
603 0.000145197
604 0.000145197
605 0.000143528
606 0.000143766
607 0.00014472
608 0.000145197
609 0.000144005
610 0.000144243
611 0.000143051
612 0.000147343
613 0.000145435
614 0.000145197
615 0.000145197
616 0.000145197
617 0.000144958
618 0.000144958
619 0.000141859
620 0.000143528
621 0.000145674
622 0.000144958
623 0.000143051
624 0.000145435
625 0.000142336
626 0.00014472
627 0.000143766
628 0.000146866
629 0.000146389
630 0.000145197
631 0.000144958
632 0.000145674
633 0.000141621
634 0.000144958
635 0.000144243
636 0.000144243
637 0.000146866
638 0.000145912
639 0.000144243
640 0.000145912
641 0.000144005
642 0.000144243
643 0.000144005
644 0.000142813
645 0.000145912
646 0.000145912
647 0.000143051
648 0.000144958
649 0.000144482
650 0.00014329
651 0.000144005
652 0.000146866
653 0.000145435
654 0.000145674
655 0.000145674
656 0.000145912
657 0.000144958
658 0.000144958
659 0.000144482
660 0.000144243
661 0.00014472
662 0.000145912
663 0.000144958
664 0.000145197
665 0.000145435
666 0.000144958
667 0.000144958
668 0.000144958
669 0.000145197
670 0.00014472
671 0.000144243
672 0.000144958
673 0.000144005
674 0.000144958
675 0.000141621
676 0.000145674
677 0.000144243
678 0.000145197
679 0.000144958
680 0.000152349
681 0.000144482
682 0.000145674
683 0.000144005
684 0.000144482
685 0.000144243
686 0.000146627
687 0.000146151
688 0.000146627
689 0.000140905
690 0.000145674
691 0.000145435
692 0.000145435
693 0.000143766
694 0.000144958
695 0.000144005
696 0.000144958
697 0.000143528
698 0.000144482
699 0.00014472
700 0.00014472
701 0.000145912
702 0.000145435
703 0.000143766
704 0.000145197
705 0.000144243
706 0.000145197
707 0.000143766
708 0.000146866
709 0.000144243
710 0.000146151
711 0.000145912
712 0.000145674
713 0.00014472
714 0.000144482
715 0.00014472
716 0.000144243
717 0.000141859
718 0.000147104
719 0.000145435
720 0.000145435
721 0.000144958
722 0.000146866
723 0.000144482
724 0.000145197
725 0.000144243
726 0.000146627
727 0.000146151
728 0.000145912
729 0.000145197
730 0.000146627
731 0.000143528
732 0.000145435
733 0.000145197
734 0.00014472
735 0.000144005
736 0.00014782
737 0.000144005
738 0.00014329
739 0.000145674
740 0.000145435
741 0.000144958
742 0.000144958
743 0.000144243
744 0.000146151
745 0.000143528
746 0.000144005
747 0.000146389
748 0.000146627
749 0.000145435
750 0.000144243
751 0.000144243
752 0.000144243
753 0.000143051
754 0.000144482
755 0.000143528
756 0.000146627
757 0.000145197
758 0.000145912
759 0.000144243
760 0.000144243
761 0.000144243
762 0.00014472
763 0.000147104
764 0.00014782
765 0.000145197
766 0.00014472
767 0.00014329
768 0.000145197
769 0.000143528
770 0.000144482
771 0.000147104
772 0.000147343
773 0.000145197
774 0.000145197
775 0.000145435
776 0.000144958
777 0.000145435
778 0.000145197
779 0.000144005
780 0.000144243
781 0.000144005
782 0.000146866
783 0.000145197
784 0.000146389
785 0.000144243
786 0.000146389
787 0.000144243
788 0.000144482
789 0.000143766
790 0.000144482
791 0.000145197
792 0.000146389
793 0.000142574
794 0.000146627
795 0.000146627
796 0.000146627
797 0.000145912
798 0.000144958
799 0.000144482
800 0.000146389
801 0.00014329
802 0.000144482
803 0.000142813
804 0.000144005
805 0.000146627
806 0.000147104
807 0.00014472
808 0.000145197
809 0.000143766
810 0.000144482
811 0.000144243
812 0.000145197
813 0.000144958
814 0.000146627
815 0.00014329
816 0.00014472
817 0.000144243
818 0.00014472
819 0.000139236
820 0.000143051
821 0.000145197
822 0.000144243
823 0.000144482
824 0.000144958
825 0.000143051
826 0.000146389
827 0.000145435
828 0.000146627
829 0.000144243
830 0.000144005
831 0.00014472
832 0.000144958
833 0.00014329
834 0.000143528
835 0.000142813
836 0.000146151
837 0.000145674
838 0.000145197
839 0.000142574
840 0.000144243
841 0.000142574
842 0.000146627
843 0.000140667
844 0.000142813
845 0.000142336
846 0.000142574
847 0.000142097
848 0.000142813
849 0.000142336
850 0.00014329
851 0.000142097
852 0.000142574
853 0.000140667
854 0.000142813
855 0.000143051
856 0.000146151
857 0.000141382
858 0.000143528
859 0.000142813
860 0.000141382
861 0.000140667
862 0.000141621
863 0.000141382
864 0.000142574
865 0.000140429
866 0.000144243
867 0.000144243
868 0.000142574
869 0.000142574
870 0.000139236
871 0.000141859
872 0.000142574
873 0.000139475
874 0.000144005
875 0.000142574
876 0.000141859
877 0.000141382
878 0.000142336
879 0.000141382
880 0.000142336
881 0.000139475
882 0.00014472
883 0.000142574
884 0.000141382
885 0.000141382
886 0.000142574
887 0.000143766
888 0.000144243
889 0.000142574
890 0.000143051
891 0.000143766
892 0.000144005
893 0.000142336
894 0.000144005
895 0.000142813
896 0.000142574
897 0.00014019
898 0.000142097
899 0.00014329
900 0.000142336
901 0.000142336
902 0.000142574
903 0.00014019
904 0.000143766
905 0.000140905
906 0.000144005
907 0.000142813
908 0.000142097
909 0.000142574
910 0.000141382
911 0.000141859
912 0.000138998
913 0.000142574
914 0.000142574
915 0.000142574
916 0.000141859
917 0.000141382
918 0.000144243
919 0.000143528
920 0.000143051
921 0.000142813
922 0.000142336
923 0.000141621
924 0.000142336
925 0.000143051
926 0.000140905
927 0.000141859
928 0.000142574
929 0.000140429
930 0.000141621
931 0.000143051
932 0.000140667
933 0.000141382
934 0.000144005
935 0.000142813
936 0.000143766
937 0.000142574
938 0.000142574
939 0.000141144
940 0.000140429
941 0.000143766
942 0.000144005
943 0.000142813
944 0.000142336
945 0.000142813
946 0.000142813
947 0.000142574
948 0.000143051
949 0.000144005
950 0.000143051
951 0.000142574
952 0.000142813
953 0.000141859
954 0.000141144
955 0.000140905
956 0.000141859
957 0.000144005
958 0.00014329
959 0.000144958
960 0.00014329
961 0.000142574
962 0.000141382
963 0.000140667
964 0.000142813
965 0.00014329
966 0.000143766
967 0.000142574
968 0.000141144
969 0.000140905
970 0.000142097
971 0.000141144
972 0.000144482
973 0.000144958
974 0.000143051
975 0.000142336
976 0.000144005
977 0.00014019
978 0.000144482
979 0.000142574
980 0.000141621
981 0.000141144
982 0.000142097
983 0.000142574
984 0.000142813
985 0.000142813
986 0.000142813
987 0.000144958
988 0.000141621
989 0.000140429
990 0.000143766
991 0.000142574
992 0.000142336
993 0.000141382
994 0.000141382
995 0.000141382
996 0.000142813
997 0.000142813
998 0.000141859
999 0.000140905
The average of 2000 trials is: 7.24039e-05
