World size: 2
World size: 2
0 0.000962734
1 6.4373e-05
2 6.98566e-05
3 7.24792e-05
4 0.000101328
5 6.07967e-05
6 7.10487e-05
7 7.15256e-05
8 6.00815e-05
9 6.8903e-05
10 7.34329e-05
11 6.29425e-05
12 6.84261e-05
13 6.91414e-05
14 6.84261e-05
15 6.24657e-05
16 6.81877e-05
17 6.81877e-05
18 6.05583e-05
19 6.96182e-05
20 6.81877e-05
21 7.89165e-05
22 6.00815e-05
23 6.84261e-05
24 6.81877e-05
25 6.91414e-05
26 8.70228e-05
27 6.93798e-05
28 6.00815e-05
29 6.22272e-05
30 6.8903e-05
31 6.93798e-05
32 6.58035e-05
33 6.27041e-05
34 6.91414e-05
35 6.91414e-05
36 6.93798e-05
37 6.93798e-05
38 6.55651e-05
39 6.91414e-05
40 6.93798e-05
41 6.91414e-05
42 6.96182e-05
43 6.65188e-05
44 6.58035e-05
45 9.20296e-05
46 6.93798e-05
47 6.93798e-05
48 3.95775e-05
49 4.673e-05
50 4.1008e-05
51 3.91006e-05
52 3.93391e-05
53 3.91006e-05
54 4.64916e-05
55 4.72069e-05
56 4.31538e-05
57 3.57628e-05
58 3.98159e-05
59 4.1008e-05
60 4.1008e-05
61 3.95775e-05
62 4.1008e-05
63 4.72069e-05
64 3.91006e-05
65 4.07696e-05
66 3.93391e-05
67 4.07696e-05
68 3.93391e-05
69 4.62532e-05
70 4.41074e-05
71 3.93391e-05
72 4.33922e-05
73 3.95775e-05
74 4.17233e-05
75 4.07696e-05
76 3.88622e-05
77 4.52995e-05
78 4.05312e-05
79 4.43459e-05
80 4.3869e-05
81 4.22001e-05
82 3.91006e-05
83 4.26769e-05
84 4.29153e-05
85 4.45843e-05
86 4.07696e-05
87 4.07696e-05
88 3.88622e-05
89 3.91006e-05
90 4.60148e-05
91 3.93391e-05
92 4.1008e-05
93 4.3869e-05
94 4.02927e-05
95 4.33922e-05
96 4.57764e-05
97 4.26769e-05
98 4.3869e-05
99 4.07696e-05
100 4.36306e-05
101 4.12464e-05
102 3.91006e-05
103 4.07696e-05
104 4.1008e-05
105 3.91006e-05
106 4.14848e-05
107 3.91006e-05
108 3.93391e-05
109 3.93391e-05
110 3.91006e-05
111 4.62532e-05
112 4.02927e-05
113 3.55244e-05
114 5.19753e-05
115 4.05312e-05
116 4.33922e-05
117 4.55379e-05
118 3.95775e-05
119 4.22001e-05
120 4.00543e-05
121 4.1008e-05
122 4.57764e-05
123 3.98159e-05
124 4.22001e-05
125 3.91006e-05
126 4.64916e-05
127 3.93391e-05
128 3.91006e-05
129 4.05312e-05
130 3.95775e-05
131 3.91006e-05
132 4.52995e-05
133 4.02927e-05
134 3.91006e-05
135 3.88622e-05
136 3.91006e-05
137 4.02927e-05
138 3.98159e-05
139 3.95775e-05
140 4.1008e-05
141 3.91006e-05
142 3.91006e-05
143 3.91006e-05
144 4.05312e-05
145 4.12464e-05
146 3.93391e-05
147 3.86238e-05
148 3.88622e-05
149 4.57764e-05
150 4.57764e-05
151 4.02927e-05
152 4.07696e-05
153 4.29153e-05
154 4.33922e-05
155 6.38962e-05
156 5.81741e-05
157 3.93391e-05
158 4.05312e-05
159 3.86238e-05
160 4.05312e-05
161 4.24385e-05
162 4.05312e-05
163 3.95775e-05
164 3.88622e-05
165 3.93391e-05
166 4.26769e-05
167 4.36306e-05
168 4.26769e-05
169 3.93391e-05
170 4.14848e-05
171 3.88622e-05
172 3.91006e-05
173 3.88622e-05
174 4.50611e-05
175 4.29153e-05
176 4.17233e-05
177 3.91006e-05
178 4.29153e-05
179 4.19617e-05
180 3.98159e-05
181 4.64916e-05
182 3.86238e-05
183 3.57628e-05
184 3.91006e-05
185 4.57764e-05
186 4.07696e-05
187 3.88622e-05
188 4.02927e-05
189 3.88622e-05
190 4.29153e-05
191 4.29153e-05
192 4.02927e-05
193 4.07696e-05
194 4.24385e-05
195 4.22001e-05
196 4.26769e-05
197 4.07696e-05
198 4.05312e-05
199 4.05312e-05
200 4.22001e-05
201 4.29153e-05
202 4.29153e-05
203 4.02927e-05
204 4.55379e-05
205 4.22001e-05
206 4.24385e-05
207 4.29153e-05
208 4.19617e-05
209 3.62396e-05
210 3.91006e-05
211 4.02927e-05
212 4.19617e-05
213 3.88622e-05
214 4.24385e-05
215 3.55244e-05
216 4.57764e-05
217 4.07696e-05
218 4.1008e-05
219 4.05312e-05
220 4.22001e-05
221 4.22001e-05
222 4.24385e-05
223 3.91006e-05
224 4.3869e-05
225 4.17233e-05
226 4.26769e-05
227 6.38962e-05
228 4.52995e-05
229 4.07696e-05
230 4.31538e-05
231 3.33786e-05
232 3.57628e-05
233 3.09944e-05
234 3.38554e-05
235 3.40939e-05
236 3.14713e-05
237 3.09944e-05
238 3.38554e-05
239 3.33786e-05
240 3.60012e-05
241 3.09944e-05
242 3.3617e-05
243 3.38554e-05
244 3.48091e-05
245 3.3617e-05
246 3.09944e-05
247 3.38554e-05
248 3.09944e-05
249 3.09944e-05
250 3.40939e-05
251 3.3617e-05
252 3.12328e-05
253 3.12328e-05
254 3.3617e-05
255 3.33786e-05
256 3.33786e-05
257 3.12328e-05
258 3.38554e-05
259 3.12328e-05
260 3.09944e-05
261 3.38554e-05
262 3.40939e-05
263 3.09944e-05
264 3.38554e-05
265 3.09944e-05
266 3.40939e-05
267 3.3617e-05
268 3.09944e-05
269 3.0756e-05
270 3.3617e-05
271 3.71933e-05
272 3.31402e-05
273 3.12328e-05
274 3.38554e-05
275 3.09944e-05
276 3.60012e-05
277 3.09944e-05
278 3.33786e-05
279 3.12328e-05
280 3.45707e-05
281 3.3617e-05
282 3.12328e-05
283 3.12328e-05
284 3.45707e-05
285 3.12328e-05
286 3.09944e-05
287 3.33786e-05
288 3.19481e-05
289 3.40939e-05
290 3.38554e-05
291 3.38554e-05
292 3.57628e-05
293 3.3617e-05
294 3.40939e-05
295 3.3617e-05
296 3.12328e-05
297 3.09944e-05
298 3.40939e-05
299 3.09944e-05
300 3.57628e-05
301 3.38554e-05
302 3.3617e-05
303 3.09944e-05
304 3.3617e-05
305 3.09944e-05
306 3.12328e-05
307 3.38554e-05
308 3.48091e-05
309 3.0756e-05
310 3.40939e-05
311 3.12328e-05
312 3.55244e-05
313 3.12328e-05
314 3.60012e-05
315 3.3617e-05
316 3.29018e-05
317 3.38554e-05
318 3.3617e-05
319 3.40939e-05
320 3.38554e-05
321 3.38554e-05
322 3.38554e-05
323 3.38554e-05
324 3.43323e-05
325 3.43323e-05
326 3.19481e-05
327 3.38554e-05
328 3.33786e-05
329 3.09944e-05
330 3.40939e-05
331 3.14713e-05
332 3.67165e-05
333 3.12328e-05
334 3.3617e-05
335 3.12328e-05
336 3.57628e-05
337 3.12328e-05
338 3.14713e-05
339 3.38554e-05
340 3.12328e-05
341 3.12328e-05
342 3.38554e-05
343 3.14713e-05
344 3.62396e-05
345 3.09944e-05
346 3.40939e-05
347 3.3617e-05
348 3.19481e-05
349 3.3617e-05
350 3.3617e-05
351 3.09944e-05
352 3.60012e-05
353 3.09944e-05
354 3.3617e-05
355 3.38554e-05
356 3.43323e-05
357 3.3617e-05
358 3.3617e-05
359 3.12328e-05
360 3.69549e-05
361 3.40939e-05
362 3.40939e-05
363 3.3617e-05
364 3.57628e-05
365 3.12328e-05
366 3.62396e-05
367 3.3617e-05
368 3.52859e-05
369 3.12328e-05
370 3.14713e-05
371 3.12328e-05
372 3.67165e-05
373 3.3617e-05
374 3.38554e-05
375 3.40939e-05
376 3.57628e-05
377 3.38554e-05
378 3.50475e-05
379 3.12328e-05
380 3.62396e-05
381 3.3617e-05
382 3.38554e-05
383 3.33786e-05
384 3.60012e-05
385 3.40939e-05
386 3.38554e-05
387 3.38554e-05
388 3.3617e-05
389 3.12328e-05
390 3.60012e-05
391 3.14713e-05
392 3.3617e-05
393 3.12328e-05
394 3.38554e-05
395 3.12328e-05
396 3.24249e-05
397 3.14713e-05
398 3.43323e-05
399 3.3617e-05
400 3.69549e-05
401 3.09944e-05
402 3.33786e-05
403 3.12328e-05
404 3.6478e-05
405 3.09944e-05
406 3.38554e-05
407 3.38554e-05
408 3.3617e-05
409 3.12328e-05
410 3.14713e-05
411 3.3617e-05
412 3.38554e-05
413 3.12328e-05
414 3.12328e-05
415 3.40939e-05
416 3.62396e-05
417 3.12328e-05
418 3.38554e-05
419 3.12328e-05
420 3.45707e-05
421 3.12328e-05
422 3.3617e-05
423 3.38554e-05
424 3.52859e-05
425 3.3617e-05
426 3.43323e-05
427 3.14713e-05
428 3.48091e-05
429 3.09944e-05
430 3.17097e-05
431 3.33786e-05
432 3.24249e-05
433 3.50475e-05
434 3.38554e-05
435 3.38554e-05
436 4.1008e-05
437 3.12328e-05
438 3.3617e-05
439 3.3617e-05
440 3.6478e-05
441 3.09944e-05
442 3.43323e-05
443 3.38554e-05
444 3.48091e-05
445 3.3617e-05
446 3.12328e-05
447 3.38554e-05
448 3.38554e-05
449 3.12328e-05
450 3.3617e-05
451 3.38554e-05
452 3.3617e-05
453 3.38554e-05
454 3.3617e-05
455 3.38554e-05
456 3.71933e-05
457 3.3617e-05
458 3.43323e-05
459 3.3617e-05
460 3.55244e-05
461 3.12328e-05
462 3.3617e-05
463 3.17097e-05
464 3.14713e-05
465 3.38554e-05
466 3.12328e-05
467 3.12328e-05
468 3.12328e-05
469 3.12328e-05
470 3.14713e-05
471 3.3617e-05
472 3.62396e-05
473 3.09944e-05
474 3.93391e-05
475 3.3617e-05
476 3.14713e-05
477 3.12328e-05
478 3.38554e-05
479 3.12328e-05
480 3.12328e-05
481 3.12328e-05
482 3.38554e-05
483 3.12328e-05
484 3.17097e-05
485 3.12328e-05
486 3.3617e-05
487 6.05583e-05
488 3.48091e-05
489 3.38554e-05
490 3.14713e-05
491 3.3617e-05
492 3.21865e-05
493 3.38554e-05
494 3.12328e-05
495 3.3617e-05
496 3.40939e-05
497 3.3617e-05
498 3.38554e-05
499 3.40939e-05
500 3.12328e-05
501 3.43323e-05
502 3.3617e-05
503 3.3617e-05
504 3.57628e-05
505 3.40939e-05
506 3.40939e-05
507 3.09944e-05
508 3.6478e-05
509 3.33786e-05
510 3.3617e-05
511 3.40939e-05
512 3.52859e-05
513 3.3617e-05
514 3.3617e-05
515 3.33786e-05
516 3.45707e-05
517 3.33786e-05
518 3.3617e-05
519 3.3617e-05
520 3.12328e-05
521 3.3617e-05
522 3.40939e-05
523 3.3617e-05
524 3.33786e-05
525 3.38554e-05
526 3.3617e-05
527 3.09944e-05
528 3.40939e-05
529 3.12328e-05
530 3.12328e-05
531 3.38554e-05
532 3.50475e-05
533 3.33786e-05
534 3.12328e-05
535 3.40939e-05
536 3.50475e-05
537 3.33786e-05
538 3.40939e-05
539 3.33786e-05
540 3.60012e-05
541 3.6478e-05
542 3.3617e-05
543 3.3617e-05
544 3.12328e-05
545 3.38554e-05
546 3.3617e-05
547 3.3617e-05
548 3.60012e-05
549 3.0756e-05
550 3.38554e-05
551 3.3617e-05
552 3.45707e-05
553 3.12328e-05
554 3.14713e-05
555 3.09944e-05
556 3.6478e-05
557 3.33786e-05
558 3.09944e-05
559 3.40939e-05
560 3.3617e-05
561 3.09944e-05
562 3.43323e-05
563 3.33786e-05
564 3.38554e-05
565 3.38554e-05
566 3.40939e-05
567 3.09944e-05
568 3.48091e-05
569 3.3617e-05
570 3.17097e-05
571 3.12328e-05
572 3.14713e-05
573 3.12328e-05
574 5.6982e-05
575 3.38554e-05
576 3.40939e-05
577 3.14713e-05
578 3.38554e-05
579 3.12328e-05
580 3.57628e-05
581 3.43323e-05
582 3.3617e-05
583 3.12328e-05
584 3.12328e-05
585 3.3617e-05
586 3.43323e-05
587 3.09944e-05
588 3.69549e-05
589 3.38554e-05
590 3.14713e-05
591 3.3617e-05
592 3.38554e-05
593 3.12328e-05
594 3.3617e-05
595 3.3617e-05
596 3.14713e-05
597 3.3617e-05
598 3.3617e-05
599 3.38554e-05
600 3.12328e-05
601 3.14713e-05
602 3.19481e-05
603 3.12328e-05
604 3.67165e-05
605 3.09944e-05
606 3.3617e-05
607 3.12328e-05
608 3.40939e-05
609 3.3617e-05
610 3.09944e-05
611 3.3617e-05
612 3.3617e-05
613 3.40939e-05
614 3.3617e-05
615 3.09944e-05
616 3.6478e-05
617 3.09944e-05
618 3.40939e-05
619 3.12328e-05
620 3.09944e-05
621 3.3617e-05
622 3.09944e-05
623 3.09944e-05
624 3.3617e-05
625 3.12328e-05
626 3.3617e-05
627 3.09944e-05
628 3.50475e-05
629 3.09944e-05
630 3.67165e-05
631 3.14713e-05
632 3.12328e-05
633 3.12328e-05
634 3.40939e-05
635 3.3617e-05
636 3.8147e-05
637 3.3617e-05
638 3.09944e-05
639 3.38554e-05
640 3.3617e-05
641 3.3617e-05
642 3.33786e-05
643 3.3617e-05
644 3.12328e-05
645 3.38554e-05
646 3.33786e-05
647 3.12328e-05
648 3.62396e-05
649 3.3617e-05
650 3.40939e-05
651 3.12328e-05
652 3.57628e-05
653 3.0756e-05
654 3.3617e-05
655 3.12328e-05
656 3.09944e-05
657 3.3617e-05
658 3.09944e-05
659 3.3617e-05
660 3.45707e-05
661 3.38554e-05
662 3.14713e-05
663 3.62396e-05
664 3.24249e-05
665 3.3617e-05
666 3.40939e-05
667 3.38554e-05
668 3.26633e-05
669 3.3617e-05
670 3.12328e-05
671 3.3617e-05
672 3.09944e-05
673 3.14713e-05
674 3.3617e-05
675 3.3617e-05
676 3.57628e-05
677 3.09944e-05
678 3.09944e-05
679 3.3617e-05
680 3.3617e-05
681 3.09944e-05
682 3.40939e-05
683 3.12328e-05
684 3.48091e-05
685 3.09944e-05
686 3.38554e-05
687 3.33786e-05
688 3.14713e-05
689 3.09944e-05
690 3.83854e-05
691 3.12328e-05
692 3.12328e-05
693 3.09944e-05
694 3.38554e-05
695 3.12328e-05
696 3.12328e-05
697 3.38554e-05
698 3.40939e-05
699 3.3617e-05
700 3.12328e-05
701 3.3617e-05
702 3.3617e-05
703 3.12328e-05
704 3.50475e-05
705 3.3617e-05
706 3.33786e-05
707 3.33786e-05
708 3.12328e-05
709 3.12328e-05
710 3.33786e-05
711 3.14713e-05
712 3.43323e-05
713 3.09944e-05
714 3.40939e-05
715 3.3617e-05
716 3.14713e-05
717 3.09944e-05
718 3.38554e-05
719 3.09944e-05
720 3.38554e-05
721 3.40939e-05
722 3.3617e-05
723 3.33786e-05
724 3.67165e-05
725 3.09944e-05
726 3.40939e-05
727 3.12328e-05
728 3.3617e-05
729 3.38554e-05
730 3.43323e-05
731 3.38554e-05
732 3.09944e-05
733 3.12328e-05
734 3.38554e-05
735 3.3617e-05
736 3.33786e-05
737 3.38554e-05
738 3.3617e-05
739 3.14713e-05
740 3.62396e-05
741 3.3617e-05
742 3.38554e-05
743 3.12328e-05
744 3.79086e-05
745 3.38554e-05
746 3.38554e-05
747 3.09944e-05
748 3.14713e-05
749 3.12328e-05
750 3.3617e-05
751 4.76837e-05
752 6.7234e-05
753 4.41074e-05
754 3.83854e-05
755 3.48091e-05
756 3.38554e-05
757 3.74317e-05
758 3.12328e-05
759 3.38554e-05
760 3.38554e-05
761 3.14713e-05
762 3.55244e-05
763 3.95775e-05
764 3.6478e-05
765 3.24249e-05
766 3.38554e-05
767 3.14713e-05
768 3.79086e-05
769 3.09944e-05
770 3.3617e-05
771 3.38554e-05
772 3.57628e-05
773 3.33786e-05
774 3.09944e-05
775 3.12328e-05
776 3.12328e-05
777 3.12328e-05
778 3.43323e-05
779 3.3617e-05
780 3.48091e-05
781 3.62396e-05
782 3.33786e-05
783 3.09944e-05
784 3.55244e-05
785 3.12328e-05
786 3.45707e-05
787 3.45707e-05
788 3.24249e-05
789 3.33786e-05
790 3.3617e-05
791 3.50475e-05
792 3.3617e-05
793 3.14713e-05
794 3.67165e-05
795 3.33786e-05
796 3.12328e-05
797 3.12328e-05
798 3.45707e-05
799 3.12328e-05
800 3.60012e-05
801 3.57628e-05
802 3.3617e-05
803 3.60012e-05
804 3.79086e-05
805 3.3617e-05
806 3.09944e-05
807 3.50475e-05
808 3.8147e-05
809 3.3617e-05
810 3.86238e-05
811 3.57628e-05
812 3.43323e-05
813 3.38554e-05
814 3.6478e-05
815 3.45707e-05
816 3.57628e-05
817 3.3617e-05
818 3.09944e-05
819 3.6478e-05
820 3.62396e-05
821 3.3617e-05
822 3.12328e-05
823 3.14713e-05
824 3.55244e-05
825 3.3617e-05
826 3.14713e-05
827 3.12328e-05
828 3.8147e-05
829 3.40939e-05
830 3.33786e-05
831 3.09944e-05
832 3.21865e-05
833 3.3617e-05
834 3.3617e-05
835 3.12328e-05
836 3.69549e-05
837 3.38554e-05
838 4.45843e-05
839 3.3617e-05
840 3.88622e-05
841 3.14713e-05
842 3.71933e-05
843 3.57628e-05
844 3.67165e-05
845 3.3617e-05
846 3.57628e-05
847 3.38554e-05
848 3.67165e-05
849 3.40939e-05
850 3.62396e-05
851 3.12328e-05
852 3.45707e-05
853 3.45707e-05
854 3.43323e-05
855 3.33786e-05
856 3.57628e-05
857 3.09944e-05
858 3.71933e-05
859 3.38554e-05
860 3.50475e-05
861 3.09944e-05
862 3.83854e-05
863 3.09944e-05
864 3.12328e-05
865 3.67165e-05
866 3.33786e-05
867 3.3617e-05
868 3.14713e-05
869 3.45707e-05
870 3.3617e-05
871 3.12328e-05
872 3.62396e-05
873 3.09944e-05
874 3.67165e-05
875 3.09944e-05
876 3.79086e-05
877 3.38554e-05
878 3.57628e-05
879 3.8147e-05
880 3.45707e-05
881 3.33786e-05
882 3.3617e-05
883 3.17097e-05
884 3.57628e-05
885 3.0756e-05
886 3.3617e-05
887 3.3617e-05
888 3.45707e-05
889 3.12328e-05
890 3.40939e-05
891 3.09944e-05
892 3.6478e-05
893 3.45707e-05
894 3.3617e-05
895 3.3617e-05
896 3.24249e-05
897 3.3617e-05
898 3.33786e-05
899 3.3617e-05
900 3.3617e-05
901 3.12328e-05
902 3.6478e-05
903 3.43323e-05
904 3.3617e-05
905 3.60012e-05
906 3.83854e-05
907 3.12328e-05
908 3.12328e-05
909 3.62396e-05
910 3.48091e-05
911 3.38554e-05
912 3.60012e-05
913 3.09944e-05
914 3.3617e-05
915 3.09944e-05
916 3.62396e-05
917 3.33786e-05
918 3.57628e-05
919 3.60012e-05
920 3.45707e-05
921 3.3617e-05
922 3.50475e-05
923 3.45707e-05
924 3.6478e-05
925 3.45707e-05
926 5.07832e-05
927 3.69549e-05
928 3.60012e-05
929 3.45707e-05
930 3.50475e-05
931 3.60012e-05
932 3.67165e-05
933 3.91006e-05
934 3.6478e-05
935 3.33786e-05
936 3.60012e-05
937 3.57628e-05
938 3.71933e-05
939 3.09944e-05
940 3.57628e-05
941 3.09944e-05
942 3.6478e-05
943 3.14713e-05
944 3.60012e-05
945 3.3617e-05
946 3.88622e-05
947 3.0756e-05
948 3.57628e-05
949 3.3617e-05
950 3.45707e-05
951 3.45707e-05
952 3.45707e-05
953 3.3617e-05
954 3.50475e-05
955 3.14713e-05
956 3.3617e-05
957 3.60012e-05
958 3.31402e-05
959 3.3617e-05
960 3.57628e-05
961 3.48091e-05
962 3.60012e-05
963 3.62396e-05
964 3.26633e-05
965 3.09944e-05
966 3.09944e-05
967 3.57628e-05
968 3.33786e-05
969 3.09944e-05
970 3.67165e-05
971 3.3617e-05
972 3.91006e-05
973 3.60012e-05
974 3.45707e-05
975 3.3617e-05
976 3.21865e-05
977 3.79086e-05
978 3.3617e-05
979 3.6478e-05
980 3.86238e-05
981 3.3617e-05
982 3.12328e-05
983 3.45707e-05
984 3.60012e-05
985 3.3617e-05
986 3.62396e-05
987 3.3617e-05
988 3.55244e-05
989 3.12328e-05
990 3.12328e-05
991 3.17097e-05
992 3.57628e-05
993 3.33786e-05
994 3.62396e-05
995 3.3617e-05
996 3.57628e-05
997 3.14713e-05
998 3.14713e-05
999 3.45707e-05
The average of 2000 trials is: 1.88683e-05
