World size: 2
World size: 2
0 0.0013485
1 9.03606e-05
2 0.000142097
3 0.00014019
4 0.000145674
5 0.000137091
6 0.000146627
7 0.000152349
8 0.000127554
9 0.000155926
10 0.000153542
11 0.000149965
12 0.000147581
13 0.00015378
14 0.000148535
15 0.000142813
16 0.000145912
17 0.000142574
18 0.00014329
19 0.000143051
20 0.00014329
21 0.000147581
22 0.000142813
23 0.000140429
24 0.000142813
25 0.000145912
26 0.000142813
27 0.000143528
28 0.000144243
29 0.000142813
30 0.000146389
31 0.000146151
32 0.00014329
33 0.000146389
34 0.000143528
35 0.000148773
36 0.000137806
37 0.000144243
38 0.000145674
39 0.000148058
40 0.000144482
41 0.000148058
42 0.000146627
43 0.000146627
44 0.000142097
45 0.000147104
46 0.000145435
47 0.000144482
48 0.000146389
49 0.000148773
50 0.000143528
51 0.000143528
52 0.000142813
53 0.000145435
54 0.00014472
55 0.000143051
56 0.000138521
57 0.000143051
58 0.000141382
59 0.000140905
60 0.000140905
61 0.000140905
62 0.000140905
63 0.000144482
64 0.000142097
65 0.000140667
66 0.000140429
67 0.000140905
68 0.000142097
69 0.00014782
70 0.000140429
71 0.00014019
72 0.00014329
73 0.000141859
74 0.000141144
75 0.000141382
76 0.000140429
77 0.000144243
78 0.000138521
79 0.00014329
80 0.000142574
81 0.000144482
82 0.000141144
83 0.000141859
84 0.000141621
85 0.000140667
86 0.000140905
87 0.000143051
88 0.000143051
89 0.000140667
90 0.000140905
91 0.000143051
92 0.000139475
93 0.000140667
94 0.000142813
95 0.000143051
96 0.000143051
97 0.000145197
98 0.000138521
99 0.000141859
100 0.000142813
101 0.000140429
102 0.000142813
103 0.000142813
104 0.000141859
105 0.000145912
106 0.000140429
107 0.000141144
108 0.000140667
109 0.000141144
110 0.000139952
111 0.000144243
112 0.00014329
113 0.000140667
114 0.000141144
115 0.000141621
116 0.000140905
117 0.000140667
118 0.000140905
119 0.000131369
120 0.000140667
121 0.000141621
122 0.000141859
123 0.000142813
124 0.000140667
125 0.000143051
126 0.000140667
127 0.000142097
128 0.000140905
129 0.000141144
130 0.000143051
131 0.000143528
132 0.000140667
133 8.44002e-05
134 0.000140667
135 0.000142336
136 0.000142336
137 0.000141859
138 0.000142097
139 0.000144243
140 0.000140905
141 0.000141144
142 0.000139952
143 0.000140905
144 0.000140429
145 0.000143051
146 0.000140905
147 0.00014019
148 0.00014329
149 0.000141621
150 0.000143051
151 0.000142336
152 0.000139236
153 0.000142097
154 0.000140429
155 0.00014329
156 0.000141859
157 0.000140429
158 0.00014019
159 0.000141382
160 0.000142813
161 0.000141144
162 0.000140905
163 0.00014329
164 0.000140667
165 0.00014472
166 0.000141859
167 0.000142097
168 0.000141859
169 0.000141382
170 0.000143528
171 0.000141859
172 0.000140667
173 0.000142097
174 0.000139713
175 0.000141382
176 0.000141144
177 0.000140667
178 0.000142813
179 0.000140905
180 0.000141621
181 0.00014329
182 0.000141382
183 0.000140429
184 0.000143051
185 0.000143051
186 0.000140905
187 0.00014329
188 0.000141144
189 0.000139713
190 0.000142097
191 0.000141621
192 0.000144243
193 0.000141859
194 0.000140905
195 0.00014329
196 0.000141621
197 0.000143051
198 0.000142813
199 0.000141144
200 0.000141621
201 0.000142097
202 0.000143051
203 0.000139713
204 0.000141144
205 0.000140905
206 0.00013876
207 0.000141859
208 0.000141621
209 0.000142813
210 0.000140429
211 0.000141382
212 0.000142097
213 0.000142574
214 0.000141859
215 0.000140905
216 0.000141382
217 0.000139952
218 0.000142574
219 0.000143766
220 0.000141859
221 0.000140667
222 0.000140667
223 0.000140905
224 0.000140667
225 0.000143051
226 0.000140667
227 0.000143528
228 0.000140667
229 0.000141859
230 0.000142097
231 0.000139236
232 0.000143051
233 0.000140667
234 0.000140429
235 0.000141621
236 0.000142097
237 0.000141621
238 0.000140905
239 0.000141621
240 0.000140429
241 0.000142813
242 0.000140667
243 0.00014329
244 0.000140429
245 0.000140429
246 0.000143051
247 0.000141859
248 0.000141382
249 0.000141621
250 0.00014329
251 0.000142574
252 0.000142813
253 0.000141621
254 0.000140905
255 0.000141144
256 0.000142813
257 0.000141382
258 0.000144005
259 0.000141382
260 0.000140905
261 0.000143766
262 0.000141859
263 0.00014329
264 0.000140905
265 0.000150442
266 0.00014329
267 0.000143528
268 0.000143051
269 0.000141859
270 0.000141621
271 0.000141144
272 0.000143051
273 0.000142097
274 0.000143051
275 0.000142097
276 0.000142336
277 0.000140667
278 0.000141144
279 0.000140667
280 0.000142813
281 0.000141859
282 0.000143051
283 0.000142336
284 0.000141621
285 0.000141144
286 0.000142574
287 0.000139475
288 0.000143051
289 0.000142574
290 0.000141382
291 0.000141859
292 0.000141859
293 0.000140667
294 0.000143051
295 0.000141144
296 0.000142097
297 0.000141859
298 0.000142813
299 0.000142336
300 0.000144005
301 0.000140667
302 0.000139475
303 0.000143051
304 0.000141382
305 0.000140667
306 0.000141859
307 0.000142574
308 0.000139952
309 0.00014329
310 0.000140905
311 0.000141859
312 0.000143051
313 0.000142813
314 0.000140429
315 0.000141382
316 0.000142097
317 0.000141144
318 0.000140667
319 0.000141144
320 0.000141621
321 0.000140667
322 0.000143051
323 0.000141144
324 0.000141859
325 0.000140429
326 0.000141621
327 0.000141144
328 0.00014329
329 0.000140667
330 0.000142813
331 0.000142336
332 0.000141144
333 0.000140905
334 0.000140667
335 0.000141859
336 0.000142097
337 0.000141382
338 0.000142336
339 0.000141382
340 0.00014472
341 0.00014019
342 0.000143766
343 0.000139713
344 0.000141144
345 0.000141144
346 0.000142097
347 0.000140667
348 0.000148058
349 0.000143528
350 0.000139236
351 0.000143051
352 0.000140905
353 0.00014019
354 0.000143051
355 0.000141382
356 0.000142097
357 0.000143051
358 0.000141859
359 0.000141382
360 0.000143051
361 0.00014329
362 0.000143528
363 0.000143528
364 0.000141382
365 0.000142097
366 0.000138283
367 0.000143051
368 0.000139952
369 0.000143528
370 0.000142813
371 0.000142813
372 0.000141859
373 0.000143051
374 0.000140429
375 0.000142813
376 0.00014329
377 0.000141144
378 0.000141859
379 0.000144243
380 0.000140667
381 0.000143528
382 0.000139236
383 0.000141382
384 0.000142336
385 0.000140667
386 0.000140905
387 0.000143766
388 0.000141621
389 0.000142336
390 0.000142813
391 0.000141621
392 0.000141144
393 0.000142813
394 0.000141382
395 0.000142336
396 0.000141144
397 0.000143051
398 0.000136614
399 0.000142336
400 0.000140905
401 0.000142813
402 0.000142336
403 0.000143766
404 0.000140667
405 0.000140429
406 0.000141621
407 0.000143051
408 0.000143051
409 0.000141621
410 0.000141144
411 0.000144005
412 0.000139952
413 0.000141859
414 0.000140667
415 0.000142813
416 0.000141144
417 0.000142097
418 0.000143051
419 0.000142574
420 0.000140429
421 0.000143051
422 0.000138998
423 0.000142097
424 0.000140429
425 0.000143051
426 0.000140429
427 0.000142574
428 0.000139713
429 0.000141859
430 0.000142097
431 0.000140667
432 0.000144482
433 0.000141144
434 0.000141144
435 0.000141621
436 0.000141859
437 0.00014329
438 0.000141859
439 0.000142813
440 0.000139236
441 0.000142813
442 0.000140905
443 0.00014329
444 0.000141621
445 0.000141859
446 0.000141859
447 0.00014329
448 0.000140905
449 0.000142336
450 0.000141859
451 0.000144243
452 0.000140667
453 0.000141859
454 0.000139713
455 0.000143051
456 0.000141859
457 0.000140667
458 0.000141859
459 0.000141621
460 0.000143051
461 0.000141621
462 0.00014329
463 0.000140667
464 0.000141144
465 0.000141382
466 0.00014329
467 0.000142336
468 0.000141382
469 0.000141621
470 0.000141144
471 0.000140905
472 0.000141859
473 0.000140667
474 0.00014329
475 0.000144243
476 0.000139713
477 0.000143051
478 0.000140667
479 0.000142336
480 0.000141382
481 0.000143051
482 0.000139236
483 0.000143766
484 0.000141144
485 0.000141859
486 0.00014019
487 0.000141859
488 0.000142097
489 0.000144243
490 0.000141621
491 0.000141621
492 0.000141382
493 0.00014329
494 0.000139713
495 0.00014329
496 0.000139713
497 0.000142336
498 0.000140429
499 0.000144482
500 0.000139952
501 0.000141382
502 0.000142813
503 0.000140667
504 0.000142097
505 0.000142813
506 0.000140905
507 0.000142336
508 0.000143051
509 0.000140905
510 0.000139236
511 0.000143051
512 0.000140905
513 0.000140429
514 0.00014329
515 0.000143766
516 0.000141144
517 0.000140905
518 0.000140667
519 0.000142097
520 0.000143528
521 0.000143051
522 0.000140667
523 0.000143766
524 0.000137091
525 0.000141859
526 0.000140429
527 0.000141859
528 0.000142813
529 0.000143528
530 0.000139713
531 0.000143766
532 0.000141859
533 0.000141382
534 0.000140429
535 0.000142097
536 0.00014329
537 0.000145674
538 0.000140905
539 0.000142097
540 0.000142097
541 0.000140905
542 0.000140905
543 0.000141859
544 0.000143051
545 0.00014329
546 0.000142813
547 0.000142813
548 0.000141382
549 0.000139713
550 0.000141621
551 0.00014329
552 0.000140905
553 0.000143051
554 0.000140905
555 0.000143766
556 0.000141859
557 0.000141144
558 0.000140667
559 0.000142336
560 0.000142097
561 0.000143051
562 0.000140429
563 0.000141382
564 0.000142813
565 0.000141621
566 0.000141144
567 0.000140667
568 0.000142813
569 0.000141382
570 0.000143528
571 0.000141859
572 0.000141144
573 0.000140429
574 0.000140905
575 0.000142813
576 0.000141859
577 0.000140429
578 0.000141144
579 0.000144243
580 0.000140667
581 0.000141859
582 0.000140905
583 0.000143051
584 0.000138521
585 0.000142813
586 0.000141859
587 0.000143766
588 0.000141382
589 0.000142574
590 0.000139713
591 0.000142813
592 0.000140429
593 0.000143051
594 0.000140667
595 0.000143766
596 0.000141144
597 0.000142574
598 0.000140429
599 0.000141859
600 0.000142097
601 0.000141144
602 0.000142097
603 0.000141621
604 0.000141859
605 0.000142097
606 0.000140667
607 0.000143051
608 0.000139713
609 0.000142813
610 0.000141859
611 0.000142097
612 0.000140667
613 0.000141621
614 0.000140667
615 0.000142097
616 0.000141144
617 0.000140905
618 0.000143051
619 0.000142097
620 0.000140667
621 0.00014329
622 0.000138998
623 0.000140667
624 0.000141859
625 0.000143051
626 0.000140667
627 0.000142574
628 0.000140905
629 0.00014329
630 0.000141859
631 0.000142336
632 0.000139952
633 0.000143528
634 0.000140667
635 0.000144958
636 0.000138521
637 0.000140667
638 0.000139713
639 0.000141621
640 0.000143051
641 0.000146151
642 0.000142813
643 0.000141382
644 0.000140905
645 0.000140667
646 0.000143051
647 0.00014329
648 0.000142336
649 0.000143766
650 0.000141144
651 0.000142813
652 0.000142336
653 0.000139236
654 0.000140429
655 0.000143766
656 0.000142097
657 0.000143051
658 0.000140429
659 0.000142813
660 0.000140429
661 0.000142336
662 0.000142097
663 0.00014329
664 0.000142097
665 0.000140429
666 0.000143051
667 0.000142336
668 0.000141621
669 0.000144482
670 0.000140905
671 0.000140429
672 0.000142813
673 0.000142336
674 0.000142097
675 0.000141144
676 0.000141621
677 0.000139475
678 0.000142336
679 0.000143528
680 0.000140667
681 0.000143051
682 0.000141859
683 0.000141621
684 0.000140905
685 0.000142813
686 0.000139713
687 0.000141621
688 0.000140429
689 0.000144958
690 0.000140667
691 0.000141382
692 0.000138283
693 0.000141859
694 0.000142813
695 0.000141621
696 0.000142097
697 0.000141859
698 0.000140667
699 0.000143766
700 0.000143051
701 0.000141382
702 0.000141382
703 0.000140667
704 0.000140905
705 0.000140667
706 0.000142097
707 0.000141382
708 0.000141621
709 0.000143766
710 0.000141144
711 0.000143528
712 0.000143051
713 0.000141382
714 0.000140905
715 0.000143051
716 0.000141621
717 0.000141621
718 0.000141621
719 0.00013876
720 0.000143051
721 0.000141859
722 0.00014329
723 0.000142336
724 0.000141859
725 0.000142813
726 0.000142097
727 0.000140429
728 0.000140905
729 0.000140429
730 0.000141859
731 0.000141859
732 0.000143051
733 0.000138521
734 0.000140905
735 0.00014329
736 0.000142097
737 0.000141382
738 0.000143051
739 0.000144958
740 0.000142097
741 0.000140667
742 0.000143051
743 0.000140667
744 0.000142813
745 0.000143051
746 0.000141144
747 0.000140667
748 0.00014329
749 0.000141859
750 0.000142097
751 0.000141859
752 0.000142574
753 0.000142813
754 0.000140905
755 0.000143528
756 0.000142097
757 0.000141859
758 0.000140667
759 0.00014329
760 0.000141621
761 0.000141382
762 0.000140429
763 0.000143766
764 0.000140905
765 0.000140905
766 0.000141859
767 0.00014329
768 0.000142097
769 0.000142574
770 0.000141859
771 0.000141859
772 0.000142097
773 0.000139475
774 0.000143051
775 0.000140667
776 0.000140905
777 0.000142097
778 0.000140667
779 0.000142574
780 0.000143051
781 0.000141144
782 0.000139952
783 0.000142097
784 0.000140429
785 0.000142813
786 0.000142574
787 0.000143528
788 0.000141144
789 0.000140429
790 0.000139713
791 0.000142097
792 0.000143051
793 0.000142813
794 0.000140905
795 0.00014329
796 0.000140667
797 0.000143051
798 0.000138521
799 0.000142574
800 0.000140667
801 0.000141144
802 0.000140429
803 0.000139713
804 0.00014329
805 0.000141859
806 0.000141859
807 0.000140905
808 0.000142336
809 0.000142813
810 0.000142813
811 0.000140905
812 0.000140905
813 0.000143766
814 0.000140667
815 0.000143051
816 0.000141859
817 0.000139713
818 0.000141144
819 0.000141144
820 0.000141859
821 0.000139475
822 0.000141144
823 0.00014329
824 0.000142097
825 0.000140667
826 0.000142574
827 0.000141144
828 0.000142097
829 0.000143528
830 0.000140667
831 0.000141859
832 0.000141621
833 0.000143051
834 0.000141621
835 0.000143766
836 0.000140667
837 0.000143051
838 0.000141382
839 0.000142813
840 0.000142097
841 0.00014329
842 0.000140905
843 0.000143528
844 0.000142574
845 0.000142097
846 0.000140429
847 0.000142097
848 0.000140667
849 0.000142813
850 0.000141382
851 0.000142336
852 0.000143051
853 0.000141382
854 0.000141144
855 0.000141621
856 0.000142813
857 0.000142097
858 0.000142574
859 0.000141859
860 0.000139713
861 0.000141859
862 0.000141382
863 0.000140905
864 0.000142097
865 0.000141144
866 0.000140905
867 0.000143766
868 0.000140667
869 0.000141621
870 0.000143051
871 0.00014329
872 0.000142813
873 0.00014329
874 0.000140667
875 0.000143051
876 0.000141382
877 0.000142813
878 0.000140667
879 0.000142336
880 0.000141621
881 0.000142097
882 0.000141621
883 0.000143528
884 0.000141382
885 0.000143051
886 0.000141859
887 0.000141382
888 0.000140429
889 0.000144005
890 0.000140429
891 0.000143528
892 0.000140667
893 0.000139475
894 0.000143528
895 0.000140667
896 0.000140667
897 0.000140667
898 0.00014329
899 0.000142336
900 0.000142813
901 0.000140905
902 0.000140905
903 0.000143051
904 0.000142813
905 0.000142813
906 0.00014329
907 0.000141621
908 0.000141144
909 0.000141859
910 0.000140905
911 0.000141382
912 0.000140429
913 0.000142813
914 0.000141621
915 0.000142097
916 0.000140905
917 0.000141621
918 0.00014329
919 0.000141859
920 0.00014782
921 0.000142097
922 0.000141382
923 0.00014329
924 0.000141859
925 0.000143051
926 0.000140905
927 0.000143051
928 0.000142097
929 0.000141859
930 0.000140905
931 0.000143528
932 0.000140905
933 0.000141859
934 0.000143051
935 0.000140667
936 0.000142813
937 0.000143528
938 0.000141144
939 4.17233e-05
940 4.36306e-05
941 4.29153e-05
942 3.91006e-05
943 3.95775e-05
944 4.31538e-05
945 4.17233e-05
946 4.07696e-05
947 3.93391e-05
948 4.33922e-05
949 4.14848e-05
950 4.72069e-05
951 4.02927e-05
952 4.00543e-05
953 4.17233e-05
954 3.91006e-05
955 4.19617e-05
956 3.93391e-05
957 4.3869e-05
958 3.93391e-05
959 3.91006e-05
960 4.00543e-05
961 3.93391e-05
962 4.24385e-05
963 4.05312e-05
964 4.43459e-05
965 3.91006e-05
966 4.1008e-05
967 4.07696e-05
968 3.93391e-05
969 4.1008e-05
970 3.93391e-05
971 4.31538e-05
972 3.91006e-05
973 4.33922e-05
974 4.33922e-05
975 4.31538e-05
976 3.98159e-05
977 3.93391e-05
978 3.98159e-05
979 4.12464e-05
980 4.12464e-05
981 4.02927e-05
982 4.64916e-05
983 4.05312e-05
984 4.05312e-05
985 4.02927e-05
986 4.31538e-05
987 3.98159e-05
988 3.95775e-05
989 4.17233e-05
990 4.26769e-05
991 4.26769e-05
992 4.31538e-05
993 4.1008e-05
994 4.31538e-05
995 3.95775e-05
996 3.98159e-05
997 3.95775e-05
998 3.93391e-05
999 4.1008e-05
The average of 2000 trials is: 6.8476e-05
