2 100000 1.36169
4 100000 1.81779
8 100000 0.447751
10 100000 0.284297
16 100000 0.111311
2 150000 16.1523
4 150000 4.06604
8 150000 1.00741
10 150000 0.641419
16 150000 0.252709
2 200000 28.646
4 200000 7.45745
8 200000 1.87409
10 200000 1.17461
16 200000 0.44683
2 300000 57.24533
4 300000 16.83686
8 300000 4.18868
10 300000 2.52552
16 300000 1.02223
2 400000 80.28912
4 400000 29.18442
8 400000 8.55507
10 400000 4.98301
16 400000 2.01238
2 500000 157.11359
4 500000 42.57414
8 500000 12.23255
10 500000 7.83294
16 500000 2.588441
2 600000 220.56791
4 600000 70.48980
8 600000 16.85886
10 600000 11.24612
16 600000 4.45171
2 700000 280.51600
4 700000 93.33630
8 700000 21.09435
10 700000 13.56129
16 700000 5.76601
2 800000 358.69305
4 800000 113.78612
8 800000 28.77346
10 800000 16.98346
16 800000 7.54211
2 900000 450.89463
4 900000 147.68853
8 900000 37.95331
10 900000 21.09863
16 900000 9.01365
2 1000000 572.69435
4 1000000 183.42866
8 1000000 45.95316
10 1000000 28.46831
16 1000000 11.43021
