10 0.000731707
20 7.72476e-05
30 0.000138521
40 0.000137091
50 0.000136852
60 0.000137329
70 0.000136852
80 0.000139475
90 0.000137091
100 0.000136614
110 0.000138998
120 0.00014019
130 0.000133753
140 0.000137091
150 0.000137329
160 0.000138283
170 0.000137091
180 0.000137568
190 0.000137806
200 0.000137806
210 0.000139952
220 0.000137806
230 0.000135183
240 0.00014019
250 0.00014472
260 0.000133514
270 0.000136137
280 0.000138044
290 0.000138044
300 0.000138283
310 0.000138283
320 0.000138044
330 0.000138521
340 0.000138044
350 0.000136614
360 0.000152349
370 0.00013566
380 0.000137091
390 0.000156403
400 0.000252962
410 0.000146627
420 0.000136852
430 0.000137568
440 0.000273943
450 0.00014472
460 0.000267744
470 0.000152349
480 0.00026679
490 0.000287294
500 0.00014472
510 0.000140667
520 0.000134945
530 0.000137329
540 0.000137329
550 0.000139952
560 0.000136852
570 0.000137329
580 0.000137329
590 0.000138521
600 0.000137568
610 0.000138521
620 0.000151873
630 0.0001266
640 0.000133276
650 0.000137806
660 0.000140429
670 0.000136137
680 0.00013566
690 0.000138283
700 0.000137568
710 0.000138044
720 0.000138998
730 0.000138283
740 0.000138283
750 0.00013566
760 0.00013876
770 0.000143051
780 0.000136137
790 0.000139475
800 0.000134706
810 0.000138283
820 0.000137091
830 0.000137806
840 0.000138283
850 0.000137329
860 0.000136852
870 0.000138521
880 0.000137329
890 0.00013876
900 0.000144005
910 0.000132561
920 0.000136137
930 0.000136375
940 0.000139475
950 0.000139475
960 0.000259161
970 0.000155926
980 0.000139713
990 0.000138521
1000 0.000260115
1010 0.000155687
1020 0.000139236
1030 0.000261784
1040 0.000156403
1050 0.000260353
1060 0.000158072
1070 0.00026083
1080 0.000165462
1090 0.000260115
1100 0.000156879
1110 0.000288486
1120 0.000252724
1130 0.000157118
1140 0.00026083
1150 0.000159264
1160 0.000260115
1170 0.000157833
1180 0.000259876
1190 0.000162601
1200 0.00025773
1210 0.00015974
1220 0.000256777
1230 0.00015831
1240 0.000261307
1250 0.000276089
1260 0.000161409
1270 0.00026226
1280 0.000274897
1290 0.000169277
1300 0.000254393
1310 0.000274658
1320 0.000167131
1330 0.000256538
1340 0.000276804
1350 0.000169516
1360 0.00026083
1370 0.000276804
1380 0.000272512
1390 0.000282288
1400 0.000281334
1410 0.000279903
1420 0.000283003
1430 0.000280619
1440 0.000287771
1450 0.000280142
1460 0.00027895
1470 0.000281334
1480 0.000281811
1490 0.000281572
1500 0.000279665
1510 0.000279903
1520 0.000282288
1530 0.000282049
1540 0.000282526
1550 0.00027895
1560 0.000279665
1570 0.000282288
1580 0.000283003
1590 0.000279665
1600 0.000277996
1610 0.000284195
1620 0.000278234
1630 0.000281811
1640 0.000280142
1650 0.000281096
1660 0.000282764
1670 0.000280857
1680 0.000280142
1690 0.000280619
1700 0.000282764
1710 0.000279903
1720 0.000282764
1730 0.000279427
1740 0.000278711
1750 0.000282526
1760 0.000280142
1770 0.00028348
1780 0.00028038
1790 0.000279903
1800 0.000281572
1810 0.000282764
1820 0.000284672
1830 0.000277519
1840 0.000279188
1850 0.000279665
1860 0.00028348
1870 0.000279188
1880 0.000280857
1890 0.000281096
1900 0.000282049
1910 0.00027895
1920 0.000282049
1930 0.00028038
1940 0.000281811
1950 0.000281811
1960 0.000279665
1970 0.000281811
1980 0.000278234
1990 0.000282764
2000 0.00028348
2010 0.000278711
2020 0.000279188
2030 0.000280857
2040 0.000279903
2050 0.000281334
2060 0.000282526
2070 0.000278473
2080 0.00028348
2090 0.000278234
2100 0.000281811
2110 0.000280619
2120 0.000281334
2130 0.000282049
2140 0.000281572
2150 0.000286818
2160 0.000277281
2170 0.000281096
2180 0.000280142
2190 0.00028348
2200 0.000282049
2210 0.000279665
2220 0.000280619
2230 0.000281811
2240 0.00028038
2250 0.000282049
2260 0.000279665
2270 0.000279903
2280 0.000287771
2290 0.000274181
2300 0.000281096
2310 0.000281811
2320 0.000279903
2330 0.000281334
2340 0.000280619
2350 0.000281096
2360 0.000281811
2370 0.000281096
2380 0.000280619
2390 0.000281334
2400 0.000280142
2410 0.000281096
2420 0.000283003
2430 0.000277519
2440 0.000282049
2450 0.000279665
2460 0.000280619
2470 0.000282526
2480 0.000279427
2490 0.000282049
2500 0.000280619
2510 0.00028038
2520 0.000282764
2530 0.000279188
2540 0.000280857
2550 0.000282764
2560 0.000281811
2570 0.000277758
2580 0.000281334
2590 0.000283241
2600 0.00028038
2610 0.000279427
2620 0.000281572
2630 0.000280619
2640 0.000280619
2650 0.000279427
2660 0.000281811
2670 0.00028348
2680 0.000280857
2690 0.000279427
2700 0.000281811
2710 0.00028038
2720 0.000279903
2730 0.000279665
2740 0.000281811
2750 0.000281572
2760 0.000281334
2770 0.000279188
2780 0.000281096
2790 0.000282526
2800 0.00028038
2810 0.000280142
2820 0.000281572
2830 0.000283718
2840 0.00028491
2850 0.000278234
2860 0.000275373
2870 0.000283241
2880 0.000281334
2890 0.000285387
2900 0.00028038
2910 0.000280857
2920 0.000282764
2930 0.000285625
2940 0.000396013
2950 0.000297785
2960 0.000283957
2970 0.000288486
2980 0.000282526
2990 0.000400543
3000 0.000291586
3010 0.000406742
3020 0.000298738
3030 0.000287294
3040 0.000286818
3050 0.000400305
3060 0.000293493
3070 0.000290155
3080 0.000394821
3090 0.000304461
3100 0.000402451
3110 0.000298977
3120 0.000403881
3130 0.000302315
3140 0.000403404
3150 0.000302076
3160 0.000403404
3170 0.000299692
3180 0.000405312
3190 0.000301838
3200 0.000405073
3210 0.000298738
3220 0.000404119
3230 0.000300169
3240 0.000406504
3250 0.000305414
3260 0.00040555
3270 0.000422239
3280 0.00042367
3290 0.000424623
3300 0.0004251
3310 0.0004251
3320 0.000422716
3330 0.000422716
3340 0.000424147
3350 0.000424385
3360 0.000423908
3370 0.000424623
3380 0.000423908
3390 0.000425577
3400 0.000423431
3410 0.000423193
3420 0.000424147
3430 0.000424385
3440 0.000423908
3450 0.000424147
3460 0.000425577
3470 0.000424147
3480 0.000422955
3490 0.0004251
3500 0.000422239
3510 0.000424147
3520 0.000424147
3530 0.000424862
3540 0.000424147
3550 0.000424147
3560 0.000423908
3570 0.000423908
3580 0.000424623
3590 0.000422955
3600 0.000425339
3610 0.0004251
3620 0.000424862
3630 0.000424623
3640 0.000424385
3650 0.000424385
3660 0.000423193
3670 0.0004251
3680 0.00042367
3690 0.000425339
3700 0.000422716
3710 0.0004251
3720 0.00042367
3730 0.00042367
3740 0.000424623
3750 0.00042367
3760 0.000424147
3770 0.0004251
3780 0.000423193
3790 0.000424385
3800 0.000424623
3810 0.000423908
3820 0.000424862
3830 0.000423431
3840 0.000424862
3850 0.000424147
3860 0.0004251
3870 0.00042367
3880 0.00042367
3890 0.000425816
3900 0.000424147
3910 0.000423193
3920 0.0004251
3930 0.000424862
3940 0.000424385
3950 0.000424862
3960 0.00042367
3970 0.000423193
3980 0.000425339
3990 0.000423431
4000 0.000424147
4010 0.000423431
4020 0.000424862
4030 0.000423908
4040 0.000424862
4050 0.0004251
4060 0.000423193
4070 0.00042367
4080 0.000423193
4090 0.000423908
4100 0.000424623
4110 0.000424147
4120 0.000425339
4130 0.000424623
4140 0.0004251
4150 0.000422239
4160 0.000424147
4170 0.000424385
4180 0.000424623
4190 0.000424147
4200 0.0004251
4210 0.000424147
4220 0.000424147
4230 0.000423431
4240 0.000424385
4250 0.000423908
4260 0.000423431
4270 0.000424385
4280 0.000425339
4290 0.000425339
4300 0.000423908
4310 0.000424385
4320 0.00042367
4330 0.000424385
4340 0.000422478
4350 0.000426531
4360 0.000423908
4370 0.000424862
4380 0.000422478
4390 0.000422239
4400 0.000424385
4410 0.000425577
4420 0.000427008
4430 0.000420332
4440 0.000424147
4450 0.0004251
4460 0.000424147
4470 0.000423431
4480 0.000423908
4490 0.000422955
4500 0.0004251
4510 0.000427008
4520 0.000424385
4530 0.000424623
4540 0.000419855
4550 0.000425577
4560 0.000424385
4570 0.000423908
4580 0.0004251
4590 0.000424623
4600 0.000421047
4610 0.000424147
4620 0.000426292
4630 0.000425816
4640 0.000422239
4650 0.000422955
4660 0.000423908
4670 0.000424862
4680 0.000427723
4690 0.000422716
4700 0.000421047
4710 0.000426054
4720 0.000425577
4730 0.000422478
4740 0.000423908
4750 0.000425577
4760 0.0004251
4770 0.000421762
4780 0.000426292
4790 0.0004251
4800 0.000421286
4810 0.000425816
4820 0.000422716
4830 0.000422478
4840 0.000427723
4850 0.000423193
4860 0.000422239
4870 0.000424862
4880 0.000424385
4890 0.00042367
4900 0.000422478
4910 0.000426531
4920 0.000421524
4930 0.000424862
4940 0.000426054
4950 0.000422955
4960 0.000422478
4970 0.000426531
4980 0.000423431
4990 0.000421762
5000 0.0004282
