10 0.000807762
20 0.000110388
30 7.27177e-05
40 6.12736e-05
50 7.12872e-05
60 6.86646e-05
70 7.48634e-05
80 7.84397e-05
90 7.79629e-05
100 6.98566e-05
110 6.91414e-05
120 7.77245e-05
130 7.79629e-05
140 7.79629e-05
150 8.03471e-05
160 8.67844e-05
170 7.84397e-05
180 9.53674e-05
190 8.74996e-05
200 8.70228e-05
210 8.65459e-05
220 8.67844e-05
230 0.000103712
240 9.60827e-05
250 0.000132084
260 0.000124454
270 0.000124216
280 0.000109434
290 0.000112295
300 0.000112772
310 0.000122547
320 0.000112772
330 0.000121593
340 0.000122547
350 0.000128746
360 0.000142097
370 0.000127316
380 0.0001297
390 0.000137329
400 0.000131369
410 0.000110388
420 0.000112534
430 0.000115395
440 0.000119209
450 0.000111103
460 0.000112057
470 0.000111818
480 0.000113487
490 0.000108719
500 0.000115156
510 0.000110626
520 0.000108957
530 0.000113249
540 0.00010848
550 0.000110149
560 0.000113249
570 0.000108957
580 0.000115395
590 0.000120401
600 0.000109911
610 0.000108719
620 0.000112057
630 0.000113964
640 0.000112534
650 0.000112057
660 0.000112295
670 0.000123024
680 0.000119686
690 0.000119686
700 0.000115156
710 0.000120401
720 0.000123739
730 0.000123978
740 0.000123262
750 0.000123262
760 0.000123262
770 0.000127792
780 0.00013113
790 0.000138521
800 0.000138283
810 0.000132561
820 0.000135422
830 0.00013113
840 0.000131845
850 0.000132799
860 0.000131845
870 0.000131845
880 0.000136137
890 0.000138521
900 0.000131607
910 0.000132084
920 0.000136852
930 0.000132799
940 0.000131845
950 0.000131845
960 0.000133753
970 0.000133276
980 0.000131845
990 0.000132799
1000 0.000133276
1010 0.000137329
1020 0.000136614
1030 0.000141382
1040 0.000142097
1050 0.00013876
1060 0.000141621
1070 0.000138521
1080 0.000148296
1090 0.000146151
1100 0.000150204
1110 0.000148058
1120 0.000151634
1130 0.000155687
1140 0.000150681
1150 0.000150442
1160 0.000150442
1170 0.000158072
1180 0.000148058
1190 0.000148535
1200 0.000145435
1210 0.000146866
1220 0.00014782
1230 0.000148296
1240 0.000148535
1250 0.000149488
1260 0.000152349
1270 0.000152349
1280 0.000151396
1290 0.000153542
1300 0.000152349
1310 0.000152826
1320 0.000154018
1330 0.000154495
1340 0.000155687
1350 0.000156403
1360 0.000156403
1370 0.000157356
1380 0.000158072
1390 0.000159025
1400 0.000159502
1410 0.000159979
1420 0.000160933
1430 0.000160933
1440 0.000165701
1450 0.000165701
1460 0.000169039
1470 0.000164747
1480 0.0001688
1490 0.000174999
1500 0.000173807
1510 0.000175476
1520 0.000175476
1530 0.000175476
1540 0.000174999
1550 0.000175714
1560 0.000175476
1570 0.000175953
1580 0.000176668
1590 0.000177383
1600 0.000175238
1610 0.00017643
1620 0.000175953
1630 0.000176907
1640 0.000177145
1650 0.000178099
1660 0.000178337
1670 0.000176191
1680 0.000176668
1690 0.000175476
1700 0.000177145
1710 0.00017643
1720 0.000179291
1730 0.000182152
1740 0.000182152
1750 0.000183105
1760 0.000181913
1770 0.000182629
1780 0.000181913
1790 0.00018549
1800 0.000185966
1810 0.000192404
1820 0.000195265
1830 0.000191689
1840 0.000191689
1850 0.000196934
1860 0.000196934
1870 0.000197172
1880 0.000196934
1890 0.000197172
1900 0.000196457
1910 0.000196457
1920 0.000197411
1930 0.000197649
1940 0.000198841
1950 0.000198603
1960 0.000199318
1970 0.00020051
1980 0.000200748
1990 0.000201941
2000 0.000200987
2010 0.000202894
2020 0.000203609
2030 0.000204086
2040 0.000204325
2050 0.000205278
2060 0.00020647
2070 0.000206232
2080 0.000207424
2090 0.000207663
2100 0.000208616
2110 0.000209093
2120 0.000210285
2130 0.000210524
2140 0.000216007
2150 0.000212669
2160 0.000212669
2170 0.000216961
2180 0.000217438
2190 0.000218153
2200 0.000215769
2210 0.000225782
2220 0.00022459
2230 0.000226021
2240 0.000226259
2250 0.000228167
2260 0.000227213
2270 0.000226259
2280 0.000227451
2290 0.000226021
2300 0.000229359
2310 0.000228167
2320 0.000226974
2330 0.00022912
2340 0.000226498
2350 0.000226498
2360 0.000227213
2370 0.000226736
2380 0.000227928
2390 0.000226498
2400 0.000226974
2410 0.000228882
2420 0.000226974
2430 0.000227213
2440 0.00023222
2450 0.000231743
2460 0.000231028
2470 0.000233412
2480 0.000232458
2490 0.000239134
2500 0.000232935
2510 0.000237703
2520 0.000233173
2530 0.000241756
2540 0.000246048
2550 0.000242472
2560 0.000241756
2570 0.000245571
2580 0.000247002
2590 0.000248432
2600 0.000246525
2610 0.000246286
2620 0.000246525
2630 0.000248671
2640 0.000246763
2650 0.000247002
2660 0.000247717
2670 0.000248909
2680 0.000249386
2690 0.000249624
2700 0.000250101
2710 0.000251532
2720 0.000252008
2730 0.0002563
2740 0.000252962
2750 0.000253916
2760 0.000254631
2770 0.000255346
2780 0.000255585
2790 0.000256062
2800 0.000256538
2810 0.00025773
2820 0.000257492
2830 0.000259876
2840 0.00026083
2850 0.00026083
2860 0.000261307
2870 0.000262022
2880 0.000262737
2890 0.00026536
2900 0.000264168
2910 0.000267982
2920 0.000268459
2930 0.000276804
2940 0.000272989
2950 0.000276804
2960 0.000276327
2970 0.000276804
2980 0.000274658
2990 0.000276089
3000 0.000276804
3010 0.000276327
3020 0.000276804
3030 0.000277519
3040 0.000276804
3050 0.000276804
3060 0.00027585
3070 0.000277758
3080 0.000278473
3090 0.000278711
3100 0.000277042
3110 0.000276804
3120 0.000276566
3130 0.000277042
3140 0.000277042
3150 0.00027895
3160 0.000282049
3170 0.000282526
3180 0.000283003
3190 0.000281811
3200 0.000282764
3210 0.000282049
3220 0.00028491
3230 0.00028491
3240 0.000283957
3250 0.00029397
3260 0.000291586
3270 0.000291586
3280 0.000291348
3290 0.00029397
3300 0.000295877
3310 0.000297785
3320 0.000296354
3330 0.000296593
3340 0.000296354
3350 0.000296593
3360 0.000296593
3370 0.000296593
3380 0.000297546
3390 0.000298023
3400 0.000300884
3410 0.000299454
3420 0.000300884
3430 0.000303268
3440 0.000301361
3450 0.0003016
3460 0.00030303
3470 0.00030303
3480 0.000304222
3490 0.000304222
3500 0.000305176
3510 0.000305653
3520 0.000306368
3530 0.000307322
3540 0.000307798
3550 0.000309229
3560 0.000309944
3570 0.000309706
3580 0.000310659
3590 0.000311613
3600 0.00031209
3610 0.000312805
3620 0.000315428
3630 0.000316858
3640 0.000317812
3650 0.000315428
3660 0.00032258
3670 0.000328541
3680 0.000326872
3690 0.000326633
3700 0.000326633
3710 0.00032568
3720 0.000325918
3730 0.000326872
3740 0.000326633
3750 0.000326157
3760 0.00032711
3770 0.000326157
3780 0.00032711
3790 0.000329733
3800 0.000326395
3810 0.00032711
3820 0.000326872
3830 0.000326395
3840 0.00032711
3850 0.000327587
3860 0.000326872
3870 0.000326872
3880 0.00032711
3890 0.000332117
3900 0.000332117
3910 0.000332594
3920 0.000331879
3930 0.000332355
3940 0.000333071
3950 0.000332594
3960 0.00033474
3970 0.000335455
3980 0.000342846
3990 0.000342131
4000 0.000342369
4010 0.000340939
4020 0.000345707
4030 0.000346422
4040 0.000346899
4050 0.000347853
4060 0.000346661
4070 0.000346184
4080 0.000348568
4090 0.000347614
4100 0.000347614
4110 0.000347853
4120 0.000348091
4130 0.000349045
4140 0.000350952
4150 0.000350237
4160 0.000351429
4170 0.000351191
4180 0.000352383
4190 0.000353336
4200 0.000354052
4210 0.00035429
4220 0.000355005
4230 0.000355959
4240 0.000356913
4250 0.000357151
4260 0.000357866
4270 0.000359058
4280 0.00035882
4290 0.000360012
4300 0.000360966
4310 0.000360966
4320 0.000361681
4330 0.000362158
4340 0.000365496
4350 0.000367641
4360 0.00036788
4370 0.000369072
4380 0.000369549
4390 0.000376225
4400 0.000378609
4410 0.000376463
4420 0.000378132
4430 0.000377417
4440 0.000378847
4450 0.000376701
4460 0.000376701
4470 0.000379324
4480 0.000380993
4490 0.00037694
4500 0.000377417
4510 0.000381231
4520 0.000377178
4530 0.00037694
4540 0.000377417
4550 0.000377417
4560 0.000377178
4570 0.00037694
4580 0.000377893
4590 0.000378847
4600 0.000379324
4610 0.000380278
4620 0.000384569
4630 0.000383139
4640 0.000381947
4650 0.000382185
4660 0.000382423
4670 0.000383854
4680 0.000393629
4690 0.000385761
4700 0.000393152
4710 0.000392199
4720 0.000392199
4730 0.000393629
4740 0.00039649
4750 0.000397682
4760 0.000394821
4770 0.000396252
4780 0.000400782
4790 0.000398159
4800 0.00039649
4810 0.000396967
4820 0.00039959
4830 0.000397921
4840 0.000398874
4850 0.00039959
4860 0.000400066
4870 0.000401258
4880 0.000400782
4890 0.000401497
4900 0.000402689
4910 0.000403643
4920 0.000404358
4930 0.000404358
4940 0.00040555
4950 0.000405073
4960 0.000406265
4970 0.000406981
4980 0.000407696
4990 0.000408411
5000 0.000409126
