10 0.00152969
20 0.000121117
30 0.000120163
40 0.000128269
50 0.000129461
60 0.000137329
70 0.000128269
80 0.000128269
90 0.000135183
100 0.000121832
110 0.0001297
120 0.000130653
130 0.0001297
140 0.000130415
150 0.000128984
160 0.000131845
170 0.000130415
180 0.000130415
190 0.000130177
200 0.000130415
210 0.000130415
220 0.000129938
230 0.000130415
240 0.000130415
250 0.000149727
260 0.000259876
270 0.000135899
280 0.000270128
290 0.000267744
300 0.000132084
310 0.000275373
320 0.000277758
330 0.000267506
340 0.000277042
350 0.000272274
360 0.000275612
370 0.000272274
380 0.000272274
390 0.000271082
400 0.000271559
410 0.000273228
420 0.000259876
430 0.00013876
440 0.000138044
450 0.000138044
460 0.000136852
470 0.000272751
480 0.000146627
490 0.000137091
500 0.000272274
510 0.000147343
520 0.000136614
530 0.000139236
540 0.000137091
550 0.000138998
560 0.000137091
570 0.000138044
580 0.000136852
590 0.000137329
600 0.000137329
610 0.000140429
620 0.000136852
630 0.000137091
640 0.000137091
650 0.000137329
660 0.000140667
670 0.000138521
680 0.000134706
690 0.000137568
700 0.000137091
710 0.000138283
720 0.000140667
730 0.000138283
740 0.000137329
750 0.000137568
760 0.000137806
770 0.000137329
780 0.000137806
790 0.000137568
800 0.000140429
810 0.000263691
820 0.000155687
830 0.00026536
840 0.000151157
850 0.000262499
860 0.000158072
870 0.000263929
880 0.000156403
890 0.000264645
900 0.00015974
910 0.000257015
920 0.000159025
930 0.000260115
940 0.000155687
950 0.000262976
960 0.000156879
970 0.000262976
980 0.00015378
990 0.000263929
1000 0.000155687
1010 0.000262737
1020 0.000156641
1030 0.000262737
1040 0.000155687
1050 0.00026226
1060 0.000155926
1070 0.000263214
1080 0.000173569
1090 0.000253916
1100 0.000277996
1110 0.000277281
1120 0.000165224
1130 0.000261068
1140 0.000273943
1150 0.000273943
1160 0.000165939
1170 0.000259638
1180 0.000163555
1190 0.000256538
1200 0.00028038
1210 0.000165701
1220 0.000257492
1230 0.00027585
1240 0.000281572
1250 0.000275135
1260 0.000281096
1270 0.000279903
1280 0.000281334
1290 0.000281811
1300 0.00028038
1310 0.00028038
1320 0.000281572
1330 0.00028038
1340 0.000282764
1350 0.000279427
1360 0.000281572
1370 0.000281096
1380 0.000289679
1390 0.000272512
1400 0.000281096
1410 0.00028038
1420 0.000282526
1430 0.000279665
1440 0.000288486
1450 0.000276566
1460 0.000279427
1470 0.000281334
1480 0.000279188
1490 0.000282764
1500 0.000279188
1510 0.000281811
1520 0.000285149
1530 0.000276089
1540 0.000284195
1550 0.000278234
1560 0.000282288
1570 0.00027895
1580 0.000282526
1590 0.000280142
1600 0.000281334
1610 0.000282526
1620 0.000280619
1630 0.000281572
1640 0.00028038
1650 0.000280857
1660 0.000281334
1670 0.000278234
1680 0.000283003
1690 0.000279903
1700 0.000283003
1710 0.000279427
1720 0.000282049
1730 0.000279427
1740 0.000282764
1750 0.000279903
1760 0.000281572
1770 0.000282526
1780 0.000279903
1790 0.000282288
1800 0.000291824
1810 0.000276566
1820 0.000277281
1830 0.000283003
1840 0.000279188
1850 0.000278473
1860 0.00027895
1870 0.000280619
1880 0.000282288
1890 0.000280857
1900 0.000285625
1910 0.000282526
1920 0.000281096
1930 0.000282288
1940 0.000281334
1950 0.000278473
1960 0.000280619
1970 0.000281572
1980 0.00028038
1990 0.000280619
2000 0.000279903
2010 0.000282526
2020 0.000279427
2030 0.000282288
2040 0.000283003
2050 0.000277519
2060 0.000283718
2070 0.00028038
2080 0.000282049
2090 0.000278234
2100 0.000281096
2110 0.000281096
2120 0.000281096
2130 0.000281334
2140 0.000286102
2150 0.000276327
2160 0.000279665
2170 0.000282288
2180 0.000281811
2190 0.000281096
2200 0.000279665
2210 0.000280619
2220 0.000282764
2230 0.000279903
2240 0.00028038
2250 0.000283003
2260 0.000281096
2270 0.000279665
2280 0.000283718
2290 0.000278711
2300 0.000281334
2310 0.000282764
2320 0.000277758
2330 0.000282288
2340 0.000281572
2350 0.000280857
2360 0.000284433
2370 0.00027585
2380 0.000280857
2390 0.00028348
2400 0.000279188
2410 0.000282764
2420 0.000281572
2430 0.000279903
2440 0.000282764
2450 0.00027895
2460 0.000281334
2470 0.000282526
2480 0.000281334
2490 0.000280857
2500 0.000285387
2510 0.000276327
2520 0.000282288
2530 0.000280142
2540 0.000280142
2550 0.000282288
2560 0.000283003
2570 0.000280857
2580 0.000279427
2590 0.000281811
2600 0.000283003
2610 0.000279427
2620 0.000279903
2630 0.000282288
2640 0.000284195
2650 0.000283718
2660 0.000279665
2670 0.000282288
2680 0.000280857
2690 0.000280619
2700 0.000282526
2710 0.000280619
2720 0.000283957
2730 0.000278711
2740 0.000279903
2750 0.000283003
2760 0.000281811
2770 0.000280619
2780 0.000280619
2790 0.000280857
2800 0.000281811
2810 0.000280619
2820 0.000280142
2830 0.000401974
2840 0.000300169
2850 0.000285387
2860 0.000280142
2870 0.00028038
2880 0.000284195
2890 0.000408649
2900 0.000294447
2910 0.000286818
2920 0.000403643
2930 0.000293016
2940 0.000287056
2950 0.000406742
2960 0.00029397
2970 0.000290632
2980 0.000403643
2990 0.000300169
3000 0.000404119
3010 0.000418663
3020 0.0003016
3030 0.000408888
3040 0.000300169
3050 0.000405312
3060 0.000418186
3070 0.000301361
3080 0.000410557
3090 0.000419617
3100 0.000304937
3110 0.000406742
3120 0.000418425
3130 0.000306368
3140 0.000404358
3150 0.000417948
3160 0.000424385
3170 0.000424385
3180 0.000424147
3190 0.000307322
3200 0.000404119
3210 0.000418425
3220 0.000423431
3230 0.000423908
3240 0.000424385
3250 0.000429869
3260 0.000423908
3270 0.000423908
3280 0.0004251
3290 0.000423908
3300 0.000423908
3310 0.000424147
3320 0.000425577
3330 0.000423431
3340 0.000424147
3350 0.000424147
3360 0.000424385
3370 0.0004251
3380 0.000423908
3390 0.000424147
3400 0.000424623
3410 0.000424862
3420 0.000423908
3430 0.000424385
3440 0.000424147
3450 0.000423431
3460 0.000424623
3470 0.000425339
3480 0.000423908
3490 0.000424623
3500 0.000423431
3510 0.0004251
3520 0.000423193
3530 0.000424147
3540 0.0004251
3550 0.000424385
3560 0.000424147
3570 0.000424147
3580 0.000424147
3590 0.000424623
3600 0.000425339
3610 0.000422478
3620 0.000425816
3630 0.000426769
3640 0.000424862
3650 0.000420332
3660 0.000427485
3670 0.000422478
3680 0.000426531
3690 0.000421524
3700 0.000425816
3710 0.000424623
3720 0.000424147
3730 0.000424862
3740 0.000424385
3750 0.000424385
3760 0.000423908
3770 0.000424623
3780 0.000426292
3790 0.000422001
3800 0.000423431
3810 0.000424862
3820 0.000424147
3830 0.000424147
3840 0.000424147
3850 0.000424862
3860 0.000423908
3870 0.000424862
3880 0.000424862
3890 0.000423431
3900 0.000422955
3910 0.000424623
3920 0.000423908
3930 0.000424147
3940 0.000424862
3950 0.000423908
3960 0.000424385
3970 0.000424862
3980 0.000425339
3990 0.000421286
4000 0.000424385
4010 0.000423908
4020 0.000424147
4030 0.0004251
4040 0.000424623
4050 0.000424623
4060 0.000424147
4070 0.00042367
4080 0.000423908
4090 0.000424147
4100 0.000424385
4110 0.000424623
4120 0.000424385
4130 0.000426531
4140 0.000422239
4150 0.000423908
4160 0.000424147
4170 0.00042367
4180 0.00042367
4190 0.000425577
4200 0.000426292
4210 0.000422478
4220 0.000423193
4230 0.000424862
4240 0.000423908
4250 0.000424623
4260 0.000423431
4270 0.000426292
4280 0.000423431
4290 0.000425816
4300 0.000422478
4310 0.000422955
4320 0.000424385
4330 0.000426054
4340 0.000425339
4350 0.0004251
4360 0.000422716
4370 0.000422716
4380 0.0004251
4390 0.000424623
4400 0.000423908
4410 0.000425577
4420 0.000424623
4430 0.000424862
4440 0.000423908
4450 0.000423908
4460 0.000424385
4470 0.000424623
4480 0.000422239
4490 0.000425339
4500 0.000425577
4510 0.0004251
4520 0.000424385
4530 0.000423193
4540 0.000422239
4550 0.000424147
4560 0.000425577
4570 0.000426292
4580 0.000423193
4590 0.000422239
4600 0.000424147
4610 0.000426292
4620 0.000424862
4630 0.000424147
4640 0.000422239
4650 0.000426054
4660 0.000422955
4670 0.000424623
4680 0.000426292
4690 0.000422716
4700 0.000424385
4710 0.000428677
4720 0.00042057
4730 0.000424862
4740 0.000423193
4750 0.000424623
4760 0.000423908
4770 0.000426292
4780 0.000424862
4790 0.000422478
4800 0.000425577
4810 0.000424862
4820 0.000425577
4830 0.000423908
4840 0.000423908
4850 0.000424862
4860 0.000425577
4870 0.000424862
4880 0.000423431
4890 0.000422478
4900 0.00042367
4910 0.000425816
4920 0.000424623
4930 0.000425816
4940 0.000422478
4950 0.000426054
4960 0.00042367
4970 0.000424623
4980 0.000431061
4990 0.000541925
5000 0.000445366
