10 0.000296831
20 4.76837e-05
30 4.48227e-05
40 4.45843e-05
50 5.31673e-05
60 5.00679e-05
70 5.31673e-05
80 5.76973e-05
90 5.74589e-05
100 5.74589e-05
110 5.84126e-05
120 6.65188e-05
130 6.7234e-05
140 6.19888e-05
150 6.58035e-05
160 6.60419e-05
170 6.60419e-05
180 7.05719e-05
190 7.05719e-05
200 7.4625e-05
210 7.08103e-05
220 7.48634e-05
230 7.93934e-05
240 7.93934e-05
250 9.89437e-05
260 9.39369e-05
270 9.39369e-05
280 9.77516e-05
290 9.87053e-05
300 0.000102043
310 0.000101566
320 0.000102043
330 0.000106335
340 0.000106096
350 0.000109673
360 0.000128746
370 0.000123262
380 0.000165701
390 0.000123978
400 0.00012207
410 0.000123262
420 0.00011158
430 0.00011158
440 0.000111818
450 0.000116587
460 0.000110865
470 0.000110388
480 0.000110388
490 0.000115395
500 0.000111103
510 0.000115395
520 0.000110626
530 0.000110149
540 0.000113726
550 0.000105858
560 0.000105143
570 0.000102282
580 0.00010252
590 0.000105143
600 0.000105381
610 0.000104904
620 0.000107527
630 0.000109434
640 0.000111818
650 0.000110388
660 0.000112534
670 0.000112057
680 0.000111818
690 0.000114441
700 0.000114918
710 0.000112534
720 0.000113964
730 0.000118017
740 0.000116587
750 0.000118732
760 0.000123024
770 0.000123739
780 0.000124216
790 0.000123978
800 0.000123262
810 0.000123501
820 0.000121355
830 0.000121355
840 0.000126362
850 0.000127316
860 0.000123262
870 0.000123978
880 0.000122547
890 0.000124931
900 0.000123978
910 0.000122547
920 0.00012064
930 0.000124216
940 0.000124931
950 0.000128031
960 0.000123739
970 0.000128984
980 0.000130177
990 0.000127792
1000 0.000126839
1010 0.000130653
1020 0.000132561
1030 0.000131607
1040 0.000129938
1050 0.0001297
1060 0.000132799
1070 0.000132084
1080 0.000140429
1090 0.000143528
1100 0.000143766
1110 0.000145912
1120 0.000144958
1130 0.00014472
1140 0.000144243
1150 0.000144958
1160 0.000148535
1170 0.000144482
1180 0.00014472
1190 0.000148296
1200 0.000152111
1210 0.000144958
1220 0.000144958
1230 0.000153065
1240 0.000152826
1250 0.00015378
1260 0.000152588
1270 0.000149727
1280 0.000151396
1290 0.000178814
1300 0.000156641
1310 0.000156403
1320 0.000156879
1330 0.000154018
1340 0.000157356
1350 0.000156641
1360 0.000157118
1370 0.000156164
1380 0.000160217
1390 0.000159502
1400 0.000158548
1410 0.000157356
1420 0.000158787
1430 0.000158072
1440 0.000162125
1450 0.000162125
1460 0.000160456
1470 0.000171185
1480 0.000167608
1490 0.000165939
1500 0.000164986
1510 0.000165462
1520 0.000165701
1530 0.000168324
1540 0.000170231
1550 0.000165224
1560 0.000165462
1570 0.000169516
1580 0.000165224
1590 0.000170708
1600 0.00016737
1610 0.000167847
1620 0.000174761
1630 0.000169277
1640 0.000170708
1650 0.000168562
1660 0.000174046
1670 0.000174046
1680 0.000174046
1690 0.000171661
1700 0.000173569
1710 0.000174046
1720 0.000174284
1730 0.000176668
1740 0.000174999
1750 0.00017643
1760 0.000179529
1770 0.000179529
1780 0.000179768
1790 0.000181675
1800 0.000179529
1810 0.000189304
1820 0.000187397
1830 0.000189781
1840 0.000193357
1850 0.000188351
1860 0.000191927
1870 0.000190973
1880 0.00019145
1890 0.00019002
1900 0.000193596
1910 0.000191927
1920 0.000193357
1930 0.000196218
1940 0.000198126
1950 0.000194073
1960 0.000219107
1970 0.00019908
1980 0.000198364
1990 0.000199795
2000 0.00019908
2010 0.000201464
2020 0.000202417
2030 0.00020051
2040 0.000200033
2050 0.000201225
2060 0.000204563
2070 0.000205994
2080 0.000205994
2090 0.000206709
2100 0.000206947
2110 0.000207424
2120 0.000205994
2130 0.000207424
2140 0.00020647
2150 0.00021863
2160 0.000209332
2170 0.000213385
2180 0.000212908
2190 0.000215769
2200 0.00021553
2210 0.00021553
2220 0.000217199
2230 0.00021553
2240 0.000215054
2250 0.000221729
2260 0.000218153
2270 0.000217915
2280 0.000215292
2290 0.000216007
2300 0.000217915
2310 0.000217915
2320 0.000217676
2330 0.000232458
2340 0.000222683
2350 0.00021863
2360 0.000224113
2370 0.000221252
2380 0.000224113
2390 0.000221491
2400 0.000224113
2410 0.000220776
2420 0.000224113
2430 0.000224113
2440 0.000223875
2450 0.000226498
2460 0.000225782
2470 0.000226736
2480 0.000226736
2490 0.000226259
2500 0.000231504
2510 0.000231504
2520 0.000228405
2530 0.000235796
2540 0.000237703
2550 0.000236988
2560 0.000239372
2570 0.0002563
2580 0.000240803
2590 0.000240326
2600 0.000240564
2610 0.000238657
2620 0.00024128
2630 0.000240564
2640 0.000241518
2650 0.000245094
2660 0.000248671
2670 0.000244617
2680 0.000248671
2690 0.000247002
2700 0.000249147
2710 0.000248671
2720 0.000249386
2730 0.00025177
2740 0.000250816
2750 0.000251293
2760 0.000253439
2770 0.000251532
2780 0.000253677
2790 0.000254393
2800 0.000254869
2810 0.000254631
2820 0.000257015
2830 0.000256538
2840 0.000255585
2850 0.000257254
2860 0.000258207
2870 0.000259161
2880 0.000261784
2890 0.00026083
2900 0.000263929
2910 0.000266314
2920 0.00026536
2930 0.000267267
2940 0.000266314
2950 0.000266314
2960 0.000266552
2970 0.000266314
2980 0.000267029
2990 0.000266075
3000 0.00026679
3010 0.000266552
3020 0.000267506
3030 0.000272751
3040 0.000268698
3050 0.000270844
3060 0.000270844
3070 0.000269175
3080 0.000273705
3090 0.000273466
3100 0.000271797
3110 0.00027132
3120 0.000273943
3130 0.000273705
3140 0.000272989
3150 0.000273943
3160 0.000275373
3170 0.000273228
3180 0.000275612
3190 0.000278711
3200 0.000276327
3210 0.000278234
3220 0.000278473
3230 0.000278473
3240 0.000279903
3250 0.000285864
3260 0.000289679
3270 0.000287771
3280 0.00029254
3290 0.00028944
3300 0.00028944
3310 0.000288963
3320 0.000289679
3330 0.00029397
3340 0.000289679
3350 0.000289679
3360 0.000291586
3370 0.000291586
3380 0.000292063
3390 0.000297308
3400 0.000295877
3410 0.000299215
3420 0.000295877
3430 0.000298738
3440 0.000299215
3450 0.000300407
3460 0.000298262
3470 0.000300884
3480 0.00030303
3490 0.000300646
3500 0.000301123
3510 0.000304461
3520 0.000305176
3530 0.000306606
3540 0.000307798
3550 0.000306845
3560 0.000308752
3570 0.000306129
3580 0.000307798
3590 0.00030899
3600 0.000310421
3610 0.000310183
3620 0.000313997
3630 0.000311852
3640 0.000316381
3650 0.000317574
3660 0.000315666
3670 0.000314713
3680 0.000314951
3690 0.000316858
3700 0.000316858
3710 0.000317812
3720 0.000317097
3730 0.00031662
3740 0.000320911
3750 0.000317097
3760 0.000318527
3770 0.000318527
3780 0.000319719
3790 0.000319481
3800 0.000320911
3810 0.000322104
3820 0.000319958
3830 0.000324726
3840 0.000322342
3850 0.000322819
3860 0.000324726
3870 0.000324249
3880 0.000324965
3890 0.00032568
3900 0.00032568
3910 0.000325441
3920 0.00032711
3930 0.000327587
3940 0.000328064
3950 0.000329733
3960 0.000330448
3970 0.000332594
3980 0.00033927
3990 0.000337601
4000 0.000342607
4010 0.000341415
4020 0.000338793
4030 0.000338316
4040 0.000340462
4050 0.000338554
4060 0.0003407
4070 0.000341177
4080 0.000341177
4090 0.000342369
4100 0.0003438
4110 0.000344992
4120 0.000346184
4130 0.000349522
4140 0.000347853
4150 0.000347853
4160 0.000346422
4170 0.000349998
4180 0.000349998
4190 0.000350714
4200 0.000352859
4210 0.000350237
4220 0.000353098
4230 0.000353098
4240 0.000352621
4250 0.000354052
4260 0.000354767
4270 0.000355482
4280 0.000356197
4290 0.000356674
4300 0.000356913
4310 0.000357389
4320 0.000360727
4330 0.00036025
4340 0.000362158
4350 0.000361919
4360 0.000360966
4370 0.000364304
4380 0.000366211
4390 0.000366926
4400 0.000368834
4410 0.000366449
4420 0.000365496
4430 0.000368595
4440 0.000366449
4450 0.000366688
4460 0.00036788
4470 0.000369549
4480 0.000365973
4490 0.000371933
4500 0.000380039
4510 0.000370979
4520 0.000371933
4530 0.000370264
4540 0.000371695
4550 0.000372887
4560 0.000372171
4570 0.000373363
4580 0.000374317
4590 0.000374317
4600 0.000375509
4610 0.000374079
4620 0.000377178
4630 0.000375032
4640 0.00037694
4650 0.000378609
4660 0.000379801
4670 0.000378847
4680 0.000380278
4690 0.000379801
4700 0.000387907
4710 0.000388384
4720 0.000388145
4730 0.000393391
4740 0.000389099
4750 0.000390291
4760 0.000388861
4770 0.000388384
4780 0.000391006
4790 0.000390053
4800 0.000391245
4810 0.000395298
4820 0.000397682
4830 0.00039196
4840 0.000395298
4850 0.000397921
4860 0.000398159
4870 0.000398397
4880 0.000398636
4890 0.00039959
4900 0.000400543
4910 0.00039959
4920 0.000402927
4930 0.000402689
4940 0.000402689
4950 0.000402212
4960 0.000403166
4970 0.000405312
4980 0.000402927
4990 0.000406265
5000 0.00041008
