10 0.000647306
20 6.36578e-05
30 7.03335e-05
40 7.51019e-05
50 7.53403e-05
60 6.69956e-05
70 7.58171e-05
80 7.53403e-05
90 6.7234e-05
100 7.72476e-05
110 8.41618e-05
120 7.58171e-05
130 8.79765e-05
140 8.55923e-05
150 7.98702e-05
160 8.4877e-05
170 8.44002e-05
180 8.41618e-05
190 9.25064e-05
200 0.000100136
210 0.000101089
220 9.17912e-05
230 9.25064e-05
240 0.000100851
250 0.000127792
260 0.00012064
270 0.000127554
280 0.000118494
290 0.000126839
300 0.0001266
310 0.000127554
320 0.000127077
330 0.000135183
340 0.000134945
350 0.00014782
360 0.000165462
370 0.000148535
380 0.000146866
390 0.000147104
400 0.000138283
410 0.000151634
420 0.000149727
430 0.000150681
440 0.000152588
450 0.000147343
460 0.000155926
470 0.000159979
480 0.000153065
490 0.000151634
500 0.00015974
510 0.000159979
520 0.00018692
530 0.000151157
540 0.000160217
550 0.000152349
560 0.000154495
570 0.000160933
580 0.000151634
590 0.000152826
600 0.000162125
610 0.000151873
620 0.000159264
630 0.00015974
640 0.000153542
650 0.000152349
660 0.000202656
670 0.000163317
680 0.000151157
690 0.000143528
700 0.000142813
710 0.000143051
720 0.00015974
730 0.000148058
740 0.000150442
750 0.000149727
760 0.000188351
770 0.000152826
780 0.000122309
790 0.000123024
800 0.000120401
810 0.000128984
820 0.000130415
830 0.000127792
840 0.000132322
850 0.000129938
860 0.000130415
870 0.000133276
880 0.000133514
890 0.00013113
900 0.000131607
910 0.000133753
920 0.000133991
930 0.000133514
940 0.00013113
950 0.000134706
960 0.000133038
970 0.00013566
980 0.000134706
990 0.000138521
1000 0.000137568
1010 0.000133514
1020 0.000134945
1030 0.000136852
1040 0.000134945
1050 0.00013566
1060 0.000135183
1070 0.000134945
1080 0.000146866
1090 0.000146627
1100 0.000145435
1110 0.000145912
1120 0.000144482
1130 0.000146627
1140 0.000145197
1150 0.000145912
1160 0.000149727
1170 0.000149488
1180 0.000146389
1190 0.000146627
1200 0.000150681
1210 0.000154734
1220 0.000153065
1230 0.00015521
1240 0.000156641
1250 0.000156879
1260 0.000155687
1270 0.000155449
1280 0.000157118
1290 0.000154734
1300 0.000157356
1310 0.000155926
1320 0.000157356
1330 0.000158072
1340 0.000157595
1350 0.000159264
1360 0.000158548
1370 0.000160456
1380 0.000162125
1390 0.00016284
1400 0.000162125
1410 0.000163317
1420 0.000163078
1430 0.00016427
1440 0.000168562
1450 0.000170708
1460 0.000169039
1470 0.000167847
1480 0.000172138
1490 0.000168324
1500 0.000171661
1510 0.000169277
1520 0.000171185
1530 0.000180721
1540 0.000179052
1550 0.000179768
1560 0.000178337
1570 0.000179768
1580 0.000179529
1590 0.000180006
1600 0.000180006
1610 0.000179529
1620 0.00018239
1630 0.00018096
1640 0.000180721
1650 0.000180483
1660 0.000182152
1670 0.00018239
1680 0.000184298
1690 0.000183821
1700 0.000183582
1710 0.000184059
1720 0.000184536
1730 0.000184774
1740 0.000188351
1750 0.000184298
1760 0.000184298
1770 0.000184298
1780 0.000185013
1790 0.000186205
1800 0.000187159
1810 0.00019455
1820 0.000196934
1830 0.000195742
1840 0.000195503
1850 0.00019598
1860 0.000196695
1870 0.000196218
1880 0.000196457
1890 0.000196695
1900 0.000200033
1910 0.000202179
1920 0.000204086
1930 0.000204086
1940 0.00020504
1950 0.000211
1960 0.000205994
1970 0.000203848
1980 0.000205755
1990 0.000205517
2000 0.000205755
2010 0.000206947
2020 0.000210047
2030 0.000206709
2040 0.000208378
2050 0.000208616
2060 0.000209332
2070 0.000209332
2080 0.000211
2090 0.000211
2100 0.000214815
2110 0.000212193
2120 0.000214338
2130 0.0002141
2140 0.000214577
2150 0.000215054
2160 0.000215292
2170 0.000221491
2180 0.000218868
2190 0.000219107
2200 0.000220776
2210 0.000221014
2220 0.000220299
2230 0.000221491
2240 0.000221491
2250 0.000225782
2260 0.000226974
2270 0.000228405
2280 0.000226259
2290 0.000231266
2300 0.000231266
2310 0.000230551
2320 0.000230789
2330 0.000228643
2340 0.000227451
2350 0.000229359
2360 0.000230551
2370 0.00022912
2380 0.00023222
2390 0.000231028
2400 0.000230789
2410 0.000230551
2420 0.000230074
2430 0.000234127
2440 0.000233412
2450 0.00023222
2460 0.000232697
2470 0.000235319
2480 0.000232458
2490 0.000236273
2500 0.000234127
2510 0.000235558
2520 0.000234604
2530 0.000244141
2540 0.000246763
2550 0.00024581
2560 0.000246525
2570 0.000247478
2580 0.000249147
2590 0.000249147
2600 0.000245571
2610 0.000246525
2620 0.000248909
2630 0.000251532
2640 0.000247955
2650 0.000253916
2660 0.000250816
2670 0.000254154
2680 0.000254869
2690 0.000253916
2700 0.000257015
2710 0.000255823
2720 0.000257254
2730 0.000254869
2740 0.000250578
2750 0.000252485
2760 0.000250578
2770 0.000254869
2780 0.000253916
2790 0.000253677
2800 0.000252247
2810 0.000254869
2820 0.000254869
2830 0.000257969
2840 0.000257015
2850 0.000256062
2860 0.000258446
2870 0.000258446
2880 0.000259399
2890 0.000262737
2900 0.000263453
2910 0.000264883
2920 0.000267506
2930 0.000265837
2940 0.000265837
2950 0.000265837
2960 0.000265598
2970 0.000268459
2980 0.000268698
2990 0.00026679
3000 0.00026536
3010 0.000267982
3020 0.00027132
3030 0.000269651
3040 0.000270605
3050 0.000271797
3060 0.000270844
3070 0.000273228
3080 0.000272989
3090 0.000271559
3100 0.000273705
3110 0.000273943
3120 0.000274897
3130 0.000273943
3140 0.00027585
3150 0.000274897
3160 0.000275373
3170 0.000274897
3180 0.000277042
3190 0.000276804
3200 0.000277996
3210 0.00028038
3220 0.000280619
3230 0.000281096
3240 0.000282764
3250 0.000287056
3260 0.000287771
3270 0.000289202
3280 0.00028944
3290 0.000291586
3300 0.000290394
3310 0.000290155
3320 0.000290632
3330 0.000290871
3340 0.000292063
3350 0.000293493
3360 0.000292778
3370 0.000292778
3380 0.000294447
3390 0.000296116
3400 0.000297785
3410 0.000296354
3420 0.000297308
3430 0.000296593
3440 0.00029707
3450 0.000298023
3460 0.000301123
3470 0.000299215
3480 0.000300169
3490 0.0003016
3500 0.000300169
3510 0.000302315
3520 0.000303507
3530 0.000304461
3540 0.000303745
3550 0.000306129
3560 0.000305653
3570 0.000307798
3580 0.000307083
3590 0.000308514
3600 0.000309467
3610 0.000308752
3620 0.000316143
3630 0.000313759
3640 0.000316858
3650 0.000316143
3660 0.00031662
3670 0.000317812
3680 0.000314951
3690 0.000315189
3700 0.000314474
3710 0.000317335
3720 0.000317574
3730 0.000317097
3740 0.000319004
3750 0.000317097
3760 0.00032115
3770 0.000320196
3780 0.000317335
3790 0.00032115
3800 0.000321865
3810 0.00032115
3820 0.000322104
3830 0.000324011
3840 0.000323057
3850 0.000323772
3860 0.000325918
3870 0.00032568
3880 0.000325203
3890 0.000326872
3900 0.000325441
3910 0.00032568
3920 0.000328064
3930 0.000327826
3940 0.000331163
3950 0.000331163
3960 0.00033164
3970 0.000332832
3980 0.000341415
3990 0.000340462
4000 0.0003438
4010 0.000340462
4020 0.000339031
4030 0.000339746
4040 0.000339508
4050 0.000342369
4060 0.0003407
4070 0.000343561
4080 0.000342846
4090 0.000344038
4100 0.000344753
4110 0.000343323
4120 0.000346422
4130 0.000346184
4140 0.000345707
4150 0.000346422
4160 0.000347614
4170 0.000350475
4180 0.000350714
4190 0.000349522
4200 0.000351667
4210 0.000350714
4220 0.000350237
4230 0.000351191
4240 0.000353813
4250 0.000352859
4260 0.00035429
4270 0.000354767
4280 0.000355005
4290 0.000355244
4300 0.000358105
4310 0.000358582
4320 0.00035882
4330 0.000359774
4340 0.000366449
4350 0.000365257
4360 0.00036478
4370 0.000367165
4380 0.00036931
4390 0.000365734
4400 0.000367641
4410 0.000367641
4420 0.000366211
4430 0.000368118
4440 0.000368118
4450 0.000367403
4460 0.000367403
4470 0.000370979
4480 0.000370979
4490 0.000372171
4500 0.000369072
4510 0.000370741
4520 0.000371695
4530 0.000371933
4540 0.000372648
4550 0.000374556
4560 0.000375271
4570 0.000372648
4580 0.000374317
4590 0.000373363
4600 0.000376225
4610 0.000375748
4620 0.000376701
4630 0.000378847
4640 0.000378132
4650 0.000378609
4660 0.000379801
4670 0.000381231
4680 0.000382185
4690 0.000382185
4700 0.000388384
4710 0.000391483
4720 0.000394344
4730 0.000397205
4740 0.000396967
4750 0.000397921
4760 0.000398397
4770 0.000397444
4780 0.000397444
4790 0.000400305
4800 0.00039649
4810 0.000401974
4820 0.000406742
4830 0.00040555
4840 0.000404835
4850 0.000406265
4860 0.000404358
4870 0.000406265
4880 0.000405788
4890 0.000408173
4900 0.000406504
4910 0.000408173
4920 0.000406981
4930 0.000406742
4940 0.000409126
4950 0.000407934
4960 0.000410318
4970 0.000410795
4980 0.000411272
4990 0.000412464
5000 0.000412703
