10 0.00107098
20 8.08239e-05
30 6.74725e-05
40 7.62939e-05
50 7.55787e-05
60 6.19888e-05
70 6.8903e-05
80 6.81877e-05
90 6.91414e-05
100 7.7486e-05
110 7.31945e-05
120 7.72476e-05
130 7.79629e-05
140 7.27177e-05
150 7.70092e-05
160 7.72476e-05
170 7.70092e-05
180 8.55923e-05
190 8.67844e-05
200 8.63075e-05
210 8.32081e-05
220 8.7738e-05
230 0.00012064
240 8.79765e-05
250 0.000118494
260 9.44138e-05
270 9.34601e-05
280 9.67979e-05
290 9.799e-05
300 9.75132e-05
310 0.000101328
320 0.000101089
330 0.000102758
340 0.000107288
350 0.000110149
360 0.0001297
370 0.00012064
380 0.000119448
390 0.000123262
400 0.000121117
410 0.000123978
420 0.000119925
430 0.00012517
440 0.000122309
450 0.000125885
460 0.000126362
470 0.000125647
480 0.000123739
490 0.000124693
500 0.000120163
510 0.000124931
520 0.000119925
530 0.000126123
540 0.000124216
550 0.000140905
560 0.000123978
570 0.000117779
580 0.000125647
590 0.000120401
600 0.000123978
610 0.00011754
620 0.00012207
630 0.000118256
640 0.000123501
650 0.00011754
660 0.00011754
670 0.00012207
680 0.00012207
690 0.000124216
700 0.000122309
710 0.0001266
720 0.000130653
730 0.000125647
740 0.000130415
750 0.000130653
760 0.000131369
770 0.000135899
780 0.000133514
790 0.000133276
800 0.000131845
810 0.000137568
820 0.00013876
830 0.000135422
840 0.000140905
850 0.000131607
860 0.000138044
870 0.000136852
880 0.000131607
890 0.000141859
900 0.000138283
910 0.000138998
920 0.000138044
930 0.000142336
940 0.000147343
950 0.000145674
960 0.000146151
970 0.000151157
980 0.000151634
990 0.000146866
1000 0.000147104
1010 0.000174522
1020 0.000140905
1030 0.000137806
1040 0.000139236
1050 0.000139475
1060 0.000142097
1070 0.000134468
1080 0.000146627
1090 0.000146389
1100 0.000145435
1110 0.000153303
1120 0.000147104
1130 0.000143528
1140 0.000138998
1150 0.000139236
1160 0.000140667
1170 0.000139475
1180 0.000143528
1190 0.000141859
1200 0.000145912
1210 0.000151157
1220 0.000149488
1230 0.000148296
1240 0.000148296
1250 0.00014925
1260 0.000145912
1270 0.000148058
1280 0.000149727
1290 0.000150681
1300 0.000151396
1310 0.000153303
1320 0.000152826
1330 0.000151873
1340 0.000152826
1350 0.000153542
1360 0.000155687
1370 0.000155449
1380 0.00015831
1390 0.000157833
1400 0.000156403
1410 0.000158548
1420 0.000159502
1430 0.00015974
1440 0.000163317
1450 0.000163078
1460 0.000164509
1470 0.000162125
1480 0.000164747
1490 0.000166655
1500 0.000166655
1510 0.000181198
1520 0.000169277
1530 0.000168324
1540 0.000165224
1550 0.000167131
1560 0.000165939
1570 0.000169277
1580 0.000165462
1590 0.000169516
1600 0.000176907
1610 0.000166416
1620 0.000170946
1630 0.00017333
1640 0.000174284
1650 0.000172615
1660 0.000170231
1670 0.000171185
1680 0.000172138
1690 0.00017333
1700 0.000172853
1710 0.000173569
1720 0.000174761
1730 0.000175714
1740 0.000176907
1750 0.000178337
1760 0.000178576
1770 0.000178576
1780 0.000178337
1790 0.00017786
1800 0.000178576
1810 0.000189066
1820 0.000186682
1830 0.000190496
1840 0.00019002
1850 0.000189066
1860 0.000189304
1870 0.000187159
1880 0.000193834
1890 0.000190258
1900 0.000188828
1910 0.000196934
1920 0.000196695
1930 0.000194788
1940 0.000195026
1950 0.00019598
1960 0.000197411
1970 0.000197411
1980 0.000199795
1990 0.000196218
2000 0.000199795
2010 0.00019908
2020 0.000199318
2030 0.000202179
2040 0.000201702
2050 0.000204563
2060 0.000201225
2070 0.000204802
2080 0.000203848
2090 0.000205517
2100 0.00020647
2110 0.000206709
2120 0.000207424
2130 0.00020647
2140 0.000208855
2150 0.000212908
2160 0.00020957
2170 0.000212431
2180 0.000212431
2190 0.000216007
2200 0.000215054
2210 0.000216961
2220 0.000216007
2230 0.00021863
2240 0.000216484
2250 0.000217676
2260 0.000216007
2270 0.00021553
2280 0.000215769
2290 0.000216961
2300 0.000216722
2310 0.000217199
2320 0.000216007
2330 0.000220776
2340 0.000220299
2350 0.000217438
2360 0.000224352
2370 0.000220537
2380 0.000221014
2390 0.000221729
2400 0.000223875
2410 0.000223875
2420 0.000225067
2430 0.000222683
2440 0.000223875
2450 0.000225306
2460 0.000225306
2470 0.000226259
2480 0.000228405
2490 0.000229836
2500 0.00022912
2510 0.00022912
2520 0.000229359
2530 0.000235081
2540 0.000238895
2550 0.000236988
2560 0.000240564
2570 0.00023818
2580 0.000240088
2590 0.000237942
2600 0.000239372
2610 0.000240326
2620 0.000244856
2630 0.000243187
2640 0.00024271
2650 0.000244617
2660 0.000247955
2670 0.000247955
2680 0.000247478
2690 0.000246525
2700 0.000248671
2710 0.000248909
2720 0.000245571
2730 0.000249386
2740 0.000251532
2750 0.000249863
2760 0.000251532
2770 0.000250816
2780 0.000253439
2790 0.000254154
2800 0.000254631
2810 0.000254631
2820 0.000254154
2830 0.000255108
2840 0.000257254
2850 0.000257492
2860 0.000259638
2870 0.000258923
2880 0.000258446
2890 0.000262022
2900 0.000261068
2910 0.000263691
2920 0.000261784
2930 0.000266552
2940 0.00026536
2950 0.000265121
2960 0.000274658
2970 0.00026536
2980 0.000267029
2990 0.000265837
3000 0.000264883
3010 0.000267506
3020 0.000269413
3030 0.000267267
3040 0.000270128
3050 0.000268459
3060 0.000271082
3070 0.000270605
3080 0.00027132
3090 0.000271559
3100 0.000271797
3110 0.000272036
3120 0.000272036
3130 0.000272274
3140 0.000273705
3150 0.000276327
3160 0.00027585
3170 0.000276089
3180 0.000276089
3190 0.000276566
3200 0.000275135
3210 0.000277996
3220 0.000276804
3230 0.000281096
3240 0.00028038
3250 0.000287294
3260 0.000287533
3270 0.000287771
3280 0.000290632
3290 0.000289679
3300 0.000290871
3310 0.00028801
3320 0.000288725
3330 0.000289202
3340 0.00029397
3350 0.000291824
3360 0.000293016
3370 0.000293255
3380 0.000294209
3390 0.000294924
3400 0.0002985
3410 0.0002985
3420 0.000297546
3430 0.000297546
3440 0.000299454
3450 0.000298262
3460 0.000300646
3470 0.000299692
3480 0.000300646
3490 0.000302076
3500 0.000301361
3510 0.000303268
3520 0.000300884
3530 0.000304222
3540 0.000304461
3550 0.000306368
3560 0.000302553
3570 0.000306845
3580 0.000306368
3590 0.00030899
3600 0.000308275
3610 0.000309706
3620 0.000314236
3630 0.000312567
3640 0.000316858
3650 0.000314474
3660 0.000314951
3670 0.000317097
3680 0.000315666
3690 0.000326395
3700 0.000313997
3710 0.000316381
3720 0.000318527
3730 0.000317812
3740 0.000320435
3750 0.000315428
3760 0.000317812
3770 0.000317574
3780 0.000320673
3790 0.000322819
3800 0.000321865
3810 0.000322104
3820 0.000324011
3830 0.000322342
3840 0.000323772
3850 0.000324249
3860 0.000322819
3870 0.000322819
3880 0.000324011
3890 0.00032568
3900 0.000326633
3910 0.000325918
3920 0.000327826
3930 0.000324965
3940 0.000329971
3950 0.000326633
3960 0.000329494
3970 0.000330687
3980 0.000339508
3990 0.000338316
4000 0.000341177
4010 0.000339508
4020 0.000338554
4030 0.000338078
4040 0.000339031
4050 0.000340223
4060 0.00033927
4070 0.000344276
4080 0.000342846
4090 0.000342369
4100 0.000346184
4110 0.000343561
4120 0.000345469
4130 0.000348568
4140 0.000348091
4150 0.000346661
4160 0.000348568
4170 0.000349045
4180 0.00034833
4190 0.000349998
4200 0.000352144
4210 0.000350952
4220 0.000350237
4230 0.000355244
4240 0.000354528
4250 0.000352144
4260 0.000355721
4270 0.000357389
4280 0.000356197
4290 0.000357628
4300 0.000357628
4310 0.000359297
4320 0.000357866
4330 0.000358343
4340 0.000372887
4350 0.000362158
4360 0.000360966
4370 0.000366926
4380 0.000366926
4390 0.000366926
4400 0.000365019
4410 0.000365734
4420 0.000365019
4430 0.000364542
4440 0.000366926
4450 0.000369072
4460 0.000368834
4470 0.000369072
4480 0.000368357
4490 0.000370026
4500 0.000369072
4510 0.000370264
4520 0.000369549
4530 0.000371456
4540 0.000370502
4550 0.000370264
4560 0.000374317
4570 0.000371695
4580 0.000371695
4590 0.000374556
4600 0.00037241
4610 0.000375748
4620 0.000375509
4630 0.000375032
4640 0.000377893
4650 0.000378609
4660 0.000379562
4670 0.000379324
4680 0.000377178
4690 0.000382423
4700 0.000384331
4710 0.000388622
4720 0.000387192
4730 0.00039053
4740 0.00039053
4750 0.000389338
4760 0.000387907
4770 0.000391245
4780 0.000390291
4790 0.000390291
4800 0.000391006
4810 0.000396967
4820 0.000396729
4830 0.000397921
4840 0.000396013
4850 0.000397682
4860 0.000401735
4870 0.000398874
4880 0.000398874
4890 0.000396967
4900 0.000401974
4910 0.00039959
4920 0.00040102
4930 0.000402212
4940 0.000400782
4950 0.000404119
4960 0.000403881
4970 0.000403404
4980 0.000405788
4990 0.000403881
5000 0.000408888
