10 0.000756741
20 8.24928e-05
30 6.74725e-05
40 7.72476e-05
50 7.53403e-05
60 7.43866e-05
70 6.55651e-05
80 6.58035e-05
90 7.41482e-05
100 7.39098e-05
110 7.55787e-05
120 7.51019e-05
130 8.2016e-05
140 9.91821e-05
150 8.32081e-05
160 8.22544e-05
170 9.05991e-05
180 9.27448e-05
190 9.2268e-05
200 9.10759e-05
210 9.03606e-05
220 0.000101805
230 9.84669e-05
240 9.87053e-05
250 0.000133514
260 0.000125647
270 0.000125885
280 0.00012517
290 0.000124693
300 0.000135422
310 0.000132084
320 0.000132322
330 0.000172377
340 0.000132322
350 0.000145197
360 0.000154018
370 0.000152588
380 0.000154257
390 0.000152349
400 0.000151157
410 0.000153542
420 0.000144243
430 0.000153065
440 0.000152111
450 0.000162601
460 0.000150681
470 0.000156879
480 0.000156879
490 0.000157356
500 0.000156641
510 0.00014925
520 0.000156879
530 0.000156403
540 0.000150442
550 0.000156879
560 0.000148773
570 0.000164986
580 0.000157118
590 0.000150204
600 0.000157118
610 0.000157118
620 0.000157595
630 0.000148773
640 0.00015974
650 0.000158787
660 0.000149488
670 0.000157118
680 0.000160456
690 0.000171661
700 0.000169516
710 0.000158548
720 0.000156879
730 0.000148058
740 0.000147581
750 0.000154257
760 0.000149965
770 0.000147343
780 0.000149965
790 0.000152826
800 0.000152588
810 0.000171423
820 0.000166178
830 0.000131369
840 0.000131369
850 0.000130177
860 0.000131607
870 0.000133276
880 0.000128984
890 0.000131369
900 0.000131607
910 0.000130892
920 0.00013423
930 0.000134706
940 0.000134945
950 0.000145912
960 0.000135183
970 0.000134945
980 0.000134468
990 0.000137568
1000 0.000135899
1010 0.000135899
1020 0.000138044
1030 0.000135422
1040 0.000135899
1050 0.000137568
1060 0.000136614
1070 0.000137329
1080 0.00014472
1090 0.00014782
1100 0.000145435
1110 0.000148296
1120 0.000145674
1130 0.000148296
1140 0.000147104
1150 0.000150442
1160 0.000155926
1170 0.000150919
1180 0.000148535
1190 0.000148058
1200 0.000146389
1210 0.000151157
1220 0.000152111
1230 0.00015831
1240 0.000155449
1250 0.000156164
1260 0.000155926
1270 0.000155926
1280 0.000156403
1290 0.000157356
1300 0.00015831
1310 0.000159264
1320 0.000157356
1330 0.000158548
1340 0.000162601
1350 0.000159025
1360 0.000161171
1370 0.000159979
1380 0.000161171
1390 0.000163317
1400 0.000161171
1410 0.000163555
1420 0.000163794
1430 0.000163555
1440 0.00016737
1450 0.000167131
1460 0.000167847
1470 0.000169992
1480 0.000169754
1490 0.000169992
1500 0.000170946
1510 0.000171185
1520 0.000170469
1530 0.000171185
1540 0.000178099
1550 0.000179291
1560 0.000178814
1570 0.000184774
1580 0.000180483
1590 0.000177622
1600 0.000182867
1610 0.000179529
1620 0.00018239
1630 0.000179768
1640 0.000182152
1650 0.00018096
1660 0.000180483
1670 0.00018239
1680 0.000182152
1690 0.000181437
1700 0.000181675
1710 0.000183582
1720 0.000184774
1730 0.000183105
1740 0.000184059
1750 0.000185251
1760 0.000188112
1770 0.000186205
1780 0.000186205
1790 0.000186443
1800 0.000185966
1810 0.000198126
1820 0.000193357
1830 0.000196457
1840 0.00019455
1850 0.000196934
1860 0.000195265
1870 0.000195742
1880 0.000195742
1890 0.000220299
1900 0.000197411
1910 0.000199556
1920 0.000204802
1930 0.000201225
1940 0.00020504
1950 0.000209332
1960 0.000205517
1970 0.000204563
1980 0.000206709
1990 0.00020504
2000 0.000210285
2010 0.000206232
2020 0.00020647
2030 0.000206232
2040 0.000207424
2050 0.000208855
2060 0.000207424
2070 0.000214815
2080 0.000211954
2090 0.000215769
2100 0.000211716
2110 0.000211716
2120 0.000212431
2130 0.000213146
2140 0.000213623
2150 0.000215292
2160 0.000215292
2170 0.000219584
2180 0.00022006
2190 0.000227928
2200 0.000221252
2210 0.000222206
2220 0.000221491
2230 0.000219822
2240 0.000221014
2250 0.000222206
2260 0.000228882
2270 0.000228167
2280 0.00022912
2290 0.000227928
2300 0.000228882
2310 0.000230551
2320 0.000231504
2330 0.000230789
2340 0.00023222
2350 0.000229597
2360 0.000231028
2370 0.000228643
2380 0.000234842
2390 0.000229836
2400 0.000233889
2410 0.00023365
2420 0.000231028
2430 0.000230789
2440 0.000233412
2450 0.000230789
2460 0.000234842
2470 0.000233889
2480 0.000237465
2490 0.000235558
2500 0.000236988
2510 0.000236273
2520 0.000236273
2530 0.000249386
2540 0.000252962
2550 0.000248194
2560 0.000243187
2570 0.00024581
2580 0.000246286
2590 0.000247478
2600 0.00024724
2610 0.00024724
2620 0.000247717
2630 0.000252247
2640 0.000248909
2650 0.000254869
2660 0.000252247
2670 0.000254869
2680 0.000254869
2690 0.000254393
2700 0.000256777
2710 0.000254154
2720 0.000255823
2730 0.000257254
2740 0.000262499
2750 0.0002563
2760 0.000256777
2770 0.00025773
2780 0.000259161
2790 0.000258684
2800 0.000260592
2810 0.000262499
2820 0.000261784
2830 0.000266552
2840 0.000263453
2850 0.000263691
2860 0.000264168
2870 0.000265121
2880 0.000265837
2890 0.000270128
2900 0.000269413
2910 0.00026989
2920 0.000269413
2930 0.000272512
2940 0.000273943
2950 0.00026989
2960 0.000279427
2970 0.000270128
2980 0.000277519
2990 0.000279427
3000 0.000280142
3010 0.000279188
3020 0.000281096
3030 0.000280857
3040 0.000280619
3050 0.000281572
3060 0.000281096
3070 0.00028038
3080 0.000282288
3090 0.000282764
3100 0.000293016
3110 0.00028348
3120 0.000283003
3130 0.000283241
3140 0.000282049
3150 0.000281811
3160 0.000284672
3170 0.000285387
3180 0.00028491
3190 0.000287771
3200 0.000284672
3210 0.000286579
3220 0.000285864
3230 0.00028801
3240 0.000285387
3250 0.000296116
3260 0.000295401
3270 0.000299692
3280 0.000296593
3290 0.000296116
3300 0.000298023
3310 0.000290871
3320 0.000291109
3330 0.000291348
3340 0.000290632
3350 0.000302553
3360 0.000294924
3370 0.000297546
3380 0.000295877
3390 0.000295401
3400 0.000297308
3410 0.00029707
3420 0.000297546
3430 0.000302076
3440 0.000299692
3450 0.00030303
3460 0.000298738
3470 0.000301361
3480 0.000301361
3490 0.000300884
3500 0.000303268
3510 0.000302553
3520 0.000304222
3530 0.000304461
3540 0.000304699
3550 0.000307083
3560 0.000307083
3570 0.000306845
3580 0.000308752
3590 0.000308514
3600 0.000309944
3610 0.000310183
3620 0.000313997
3630 0.000313997
3640 0.000315905
3650 0.000319242
3660 0.000320673
3670 0.000317812
3680 0.000323296
3690 0.000319719
3700 0.00031662
3710 0.000319719
3720 0.000316858
3730 0.000319958
3740 0.000318289
3750 0.000317097
3760 0.000319958
3770 0.000321388
3780 0.00032258
3790 0.000320673
3800 0.000322819
3810 0.000320196
3820 0.000323057
3830 0.000322342
3840 0.000323296
3850 0.00032568
3860 0.000325441
3870 0.000326157
3880 0.000330687
3890 0.000327587
3900 0.00033164
3910 0.000326872
3920 0.000327349
3930 0.000331402
3940 0.000330448
3950 0.000329971
3960 0.000331163
3970 0.000331402
3980 0.000337839
3990 0.00033927
4000 0.000339985
4010 0.0003407
4020 0.000342369
4030 0.000340939
4040 0.000345945
4050 0.000341177
4060 0.000341177
4070 0.000342369
4080 0.000344753
4090 0.000343323
4100 0.000346661
4110 0.000350475
4120 0.000345707
4130 0.000346661
4140 0.000347853
4150 0.000347853
4160 0.000348806
4170 0.000347853
4180 0.000350714
4190 0.000350714
4200 0.000350714
4210 0.000355244
4220 0.000351429
4230 0.000354528
4240 0.00035429
4250 0.000355244
4260 0.000360727
4270 0.000356674
4280 0.000357151
4290 0.000355959
4300 0.000356674
4310 0.00036335
4320 0.000359297
4330 0.000360727
4340 0.000365496
4350 0.00036478
4360 0.000368595
4370 0.000365973
4380 0.000370502
4390 0.000368357
4400 0.000369787
4410 0.000369072
4420 0.000367165
4430 0.000370741
4440 0.000370979
4450 0.000369549
4460 0.000372648
4470 0.000372887
4480 0.000370979
4490 0.000369787
4500 0.000371933
4510 0.000372887
4520 0.000374794
4530 0.000370979
4540 0.00037241
4550 0.000373125
4560 0.00037384
4570 0.000372171
4580 0.000378132
4590 0.00037694
4600 0.000375509
4610 0.000376701
4620 0.000377178
4630 0.000382185
4640 0.000377893
4650 0.000379324
4660 0.000380993
4670 0.000381708
4680 0.000381231
4690 0.000380993
4700 0.000391245
4710 0.000389814
4720 0.000388145
4730 0.000390768
4740 0.000391483
4750 0.000397205
4760 0.000390768
4770 0.000390291
4780 0.000392437
4790 0.000391722
4800 0.00039506
4810 0.000393629
4820 0.000395298
4830 0.000394821
4840 0.000396013
4850 0.000396729
4860 0.000399351
4870 0.000397682
4880 0.000398159
4890 0.000399351
4900 0.000401258
4910 0.000399351
4920 0.000400782
4930 0.000404596
4940 0.00040102
4950 0.000407696
4960 0.000409126
4970 0.000406265
4980 0.000404596
4990 0.000403881
5000 0.000409603
