10 0.000797272
20 0.000119925
30 0.000132322
40 0.000123024
50 0.000122547
60 0.000133991
70 0.000137806
80 0.000133276
90 0.000137568
100 0.000133276
110 0.000137806
120 0.000133991
130 0.000138283
140 0.00013423
150 0.000138283
160 0.000133514
170 0.000138044
180 0.00013423
190 0.000138521
200 0.000133276
210 0.000138521
220 0.000133514
230 0.000138044
240 0.00013876
250 0.000144958
260 0.000128508
270 0.00013566
280 0.00014019
290 0.000135183
300 0.000134706
310 0.000139236
320 0.000133514
330 0.000132799
340 0.000137568
350 0.000136375
360 0.000149965
370 0.000133514
380 0.000133753
390 0.00013566
400 0.000136137
410 0.000136852
420 0.00013423
430 0.000135899
440 0.000136614
450 0.000136375
460 0.00013876
470 0.000133038
480 0.00013876
490 0.000133514
500 0.000137329
510 0.000133991
520 0.000137568
530 0.000137091
540 0.000132561
550 0.000138044
560 0.000133514
570 0.000137806
580 0.000137329
590 0.000138283
600 0.0001297
610 0.000124454
620 0.000139952
630 0.000138283
640 0.000137568
650 0.000139236
660 0.000137806
670 0.000138283
680 0.000138521
690 0.00013876
700 0.000135422
710 0.000140429
720 0.000141859
730 0.000139713
740 0.000132561
750 0.000138044
760 0.000144005
770 0.000137806
780 0.000137568
790 0.000138521
800 0.000137329
810 0.000141859
820 0.000135422
830 0.000138521
840 0.000139475
850 0.000137091
860 0.00013876
870 0.000140667
880 0.000134945
890 0.000138283
900 0.000138998
910 0.000135899
920 0.000139236
930 0.00013876
940 0.000137091
950 0.000137568
960 0.00013876
970 0.000262737
980 0.000155926
990 0.000139236
1000 0.000137568
1010 0.000137806
1020 0.000137806
1030 0.000139713
1040 0.000262737
1050 0.000154972
1060 0.000263691
1070 0.000156164
1080 0.000148535
1090 0.000260353
1100 0.000165939
1110 0.000251055
1120 0.000156403
1130 0.000264406
1140 0.000156641
1150 0.000261545
1160 0.000157118
1170 0.000261784
1180 0.000158787
1190 0.000261545
1200 0.000157356
1210 0.000262976
1220 0.000162601
1230 0.000257492
1240 0.000156164
1250 0.000262499
1260 0.000157833
1270 0.000262499
1280 0.00015831
1290 0.000264168
1300 0.000273228
1310 0.00015974
1320 0.000263929
1330 0.000275135
1340 0.00016427
1350 0.000260115
1360 0.000275612
1370 0.000282526
1380 0.000281811
1390 0.000281572
1400 0.000281572
1410 0.000280619
1420 0.000281334
1430 0.000280857
1440 0.000288486
1450 0.00028038
1460 0.000279665
1470 0.000281811
1480 0.00028038
1490 0.000282288
1500 0.000280857
1510 0.000282049
1520 0.000281096
1530 0.000280857
1540 0.000282049
1550 0.000280142
1560 0.000282288
1570 0.000281334
1580 0.000281334
1590 0.000280142
1600 0.000282764
1610 0.000281096
1620 0.000279903
1630 0.000283718
1640 0.000278711
1650 0.000282764
1660 0.00028038
1670 0.000281334
1680 0.000282049
1690 0.000280619
1700 0.000284433
1710 0.00027895
1720 0.000281572
1730 0.000280857
1740 0.000285149
1750 0.000276566
1760 0.000281811
1770 0.000281811
1780 0.000280857
1790 0.000281334
1800 0.000282288
1810 0.000283003
1820 0.000278473
1830 0.000283241
1840 0.000281334
1850 0.000280142
1860 0.000283241
1870 0.000280857
1880 0.000279903
1890 0.000280142
1900 0.000284195
1910 0.000281096
1920 0.000282049
1930 0.00027895
1940 0.000281334
1950 0.000284672
1960 0.000278711
1970 0.000281811
1980 0.000280857
1990 0.000281811
2000 0.000281334
2010 0.000283003
2020 0.000278473
2030 0.000282049
2040 0.000281811
2050 0.000279665
2060 0.000282764
2070 0.000281334
2080 0.000282049
2090 0.000280619
2100 0.000282526
2110 0.000281096
2120 0.000281572
2130 0.000279903
2140 0.000282764
2150 0.000281096
2160 0.000286818
2170 0.000282049
2180 0.000278711
2190 0.000282049
2200 0.000283003
2210 0.000281096
2220 0.000281811
2230 0.000281334
2240 0.000281334
2250 0.000282049
2260 0.000280142
2270 0.000282764
2280 0.000283003
2290 0.000277996
2300 0.000280619
2310 0.000282288
2320 0.000281572
2330 0.000282288
2340 0.000279665
2350 0.000282049
2360 0.000281811
2370 0.000282049
2380 0.000279427
2390 0.00028348
2400 0.000279903
2410 0.000282764
2420 0.000282049
2430 0.000280142
2440 0.000281334
2450 0.000279427
2460 0.000282049
2470 0.00028348
2480 0.00027895
2490 0.000282526
2500 0.000281572
2510 0.000282288
2520 0.000280619
2530 0.000282764
2540 0.000279665
2550 0.000279665
2560 0.00027585
2570 0.000280857
2580 0.000279188
2590 0.000282764
2600 0.000280857
2610 0.000283003
2620 0.000279665
2630 0.000282526
2640 0.000281334
2650 0.00028038
2660 0.000282526
2670 0.00028038
2680 0.000283957
2690 0.000283003
2700 0.000277758
2710 0.000279903
2720 0.00028348
2730 0.00028038
2740 0.000282288
2750 0.000279903
2760 0.000283957
2770 0.000284195
2780 0.000277042
2790 0.000279903
2800 0.000283003
2810 0.000281334
2820 0.000280142
2830 0.000283241
2840 0.000280857
2850 0.000280142
2860 0.000281572
2870 0.000282049
2880 0.00028038
2890 0.000289202
2900 0.00027895
2910 0.000283003
2920 0.000282049
2930 0.000281096
2940 0.000281096
2950 0.000280619
2960 0.000280857
2970 0.000285149
2980 0.000279188
2990 0.000280619
3000 0.000279903
3010 0.000281096
3020 0.000281572
3030 0.000287533
3040 0.000281572
3050 0.000398636
3060 0.000297546
3070 0.000285625
3080 0.000288248
3090 0.000398397
3100 0.0002985
3110 0.000407696
3120 0.000296593
3130 0.000409126
3140 0.00029707
3150 0.000292063
3160 0.000403643
3170 0.000290632
3180 0.000407696
3190 0.000300169
3200 0.000291824
3210 0.000402451
3220 0.000296354
3230 0.000404835
3240 0.000297308
3250 0.00041151
3260 0.000305653
3270 0.000402451
3280 0.000422716
3290 0.000302792
3300 0.000405788
3310 0.000422955
3320 0.000422001
3330 0.000426531
3340 0.000424385
3350 0.000424862
3360 0.000424623
3370 0.000425339
3380 0.000421524
3390 0.0004282
3400 0.000424862
3410 0.00042057
3420 0.000429392
3430 0.000418186
3440 0.000425339
3450 0.000429392
3460 0.000424623
3470 0.000425577
3480 0.000424623
3490 0.000424147
3500 0.000424623
3510 0.000424862
3520 0.000424385
3530 0.000424385
3540 0.000424862
3550 0.000424862
3560 0.000424385
3570 0.000424623
3580 0.000424862
3590 0.000424385
3600 0.000425577
3610 0.000424147
3620 0.0004251
3630 0.000426531
3640 0.000425816
3650 0.000424147
3660 0.000424385
3670 0.000424385
3680 0.000425339
3690 0.000424623
3700 0.000424385
3710 0.000423908
3720 0.000424385
3730 0.000424623
3740 0.000424623
3750 0.0004251
3760 0.000424623
3770 0.0004251
3780 0.000424623
3790 0.0004251
3800 0.00042367
3810 0.000424862
3820 0.000424862
3830 0.0004251
3840 0.000424385
3850 0.000424862
3860 0.000424862
3870 0.000424623
3880 0.000424623
3890 0.000424147
3900 0.0004251
3910 0.000423908
3920 0.000425577
3930 0.000424385
3940 0.000425816
3950 0.000423431
3960 0.000424623
3970 0.000425816
3980 0.000423431
3990 0.000424623
4000 0.000424862
4010 0.000424623
4020 0.0004251
4030 0.000424862
4040 0.000425577
4050 0.000426054
4060 0.000424623
4070 0.000424147
4080 0.000423908
4090 0.000424623
4100 0.000424385
4110 0.000424623
4120 0.000425577
4130 0.000424862
4140 0.000424623
4150 0.00042367
4160 0.0004251
4170 0.000423908
4180 0.000424385
4190 0.000424862
4200 0.000425339
4210 0.0004251
4220 0.000424385
4230 0.000424147
4240 0.0004251
4250 0.0004251
4260 0.000423193
4270 0.0004251
4280 0.000426769
4290 0.000423193
4300 0.000425816
4310 0.000423193
4320 0.000424862
4330 0.000424862
4340 0.000423908
4350 0.000427008
4360 0.0004251
4370 0.000424862
4380 0.000421762
4390 0.000425339
4400 0.000426769
4410 0.000423193
4420 0.000424385
4430 0.000424147
4440 0.000424862
4450 0.000425339
4460 0.00042367
4470 0.0004251
4480 0.000424623
4490 0.000423908
4500 0.000426292
4510 0.000423908
4520 0.0004251
4530 0.000426531
4540 0.000421524
4550 0.000423431
4560 0.000425339
4570 0.000425816
4580 0.000424862
4590 0.000424862
4600 0.000422716
4610 0.000426054
4620 0.000424385
4630 0.000426531
4640 0.000423193
4650 0.000422716
4660 0.000425339
4670 0.000426054
4680 0.000424623
4690 0.000425339
4700 0.000424385
4710 0.000423431
4720 0.000427008
4730 0.00042367
4740 0.0004251
4750 0.000425816
4760 0.000422239
4770 0.000423908
4780 0.000425816
4790 0.000426292
4800 0.000423193
4810 0.000426769
4820 0.000422716
4830 0.000422239
4840 0.000427485
4850 0.000423431
4860 0.0004251
4870 0.000425577
4880 0.00042367
4890 0.000424862
4900 0.000427008
4910 0.000424147
4920 0.000423193
4930 0.000422955
4940 0.0004251
4950 0.000425816
4960 0.000422001
4970 0.000427961
4980 0.000423193
4990 0.000423193
5000 0.000427961
