1000 0.00121593
srun: error: compute-0-7: task 1: Segmentation fault
1010 0.000205994
1020 0.000221968
1030 0.000209093
1040 0.000221252
1050 0.000213623
1060 0.000216722
1070 0.00021863
1080 0.000211
1090 0.000218391
1100 0.000221252
1110 0.000219107
1120 0.000228405
1130 0.000238895
1140 0.000234127
1150 0.000231504
1160 0.00023222
1170 0.000231504
1180 0.00024271
1190 0.000236273
1200 0.000242233
1210 0.000232935
1220 0.00023222
1230 0.000233412
1240 0.000229359
1250 0.000234127
1260 0.000224352
1270 0.000239372
1280 0.000241041
1290 0.00024128
1300 0.000231981
1310 0.000232935
1320 0.000231981
1330 0.000237226
1340 0.000240564
1350 0.000231266
1360 0.000229597
1370 0.000240803
1380 0.000240803
1390 0.000233173
1400 0.000241041
1410 0.000231504
1420 0.000240564
1430 0.000232935
1440 0.000240088
1450 0.000248909
1460 0.000264645
1470 0.000248909
1480 0.000242949
1490 0.000193357
1500 0.000221491
1510 0.000230074
1520 0.00021863
1530 0.000217199
1540 0.000216722
1550 0.000214577
1560 0.000224352
1570 0.000212669
1580 0.000218868
1590 0.000221968
1600 0.000221729
1610 0.000207424
1620 0.000212431
1630 0.00022316
1640 0.000221729
1650 0.000222683
1660 0.000221014
1670 0.000229359
1680 0.000220776
1690 0.000212431
1700 0.000228405
1710 0.000213146
1720 0.000224352
1730 0.000229359
1740 0.000222206
1750 0.000224113
1760 0.000203848
1770 0.000224829
1780 0.000224113
1790 0.000226021
1800 0.00022459
1810 0.000230074
1820 0.000229359
1830 0.000229359
1840 0.000230551
1850 0.000230551
1860 0.000233173
1870 0.000231266
1880 0.000235796
1890 0.000234842
1900 0.000230074
1910 0.000232935
1920 0.000233412
1930 0.000231504
1940 0.00023365
1950 0.000232458
1960 0.00023365
1970 0.000235319
1980 0.00023365
1990 0.00023365
2000 0.000234604
