10 0.000953436
srun: error: compute-0-9: task 1: Segmentation fault
20 0.000206232
30 0.000152588
40 0.000155926
50 0.000156403
60 0.00015521
70 0.000155449
80 0.000159979
90 0.000162125
100 0.000148535
110 0.000155687
120 0.000151157
130 0.000156164
140 0.000151634
150 0.000155687
160 0.000155687
170 0.000155687
180 0.000155926
190 0.000160217
200 0.000160456
210 0.000164509
220 0.000160217
230 0.000164747
240 0.000161648
250 0.000180244
260 0.000175953
270 0.000174761
280 0.000178814
290 0.000178814
300 0.000179052
310 0.000179291
320 0.000179052
330 0.000182629
340 0.000183344
350 0.00019002
360 0.000194788
370 0.000199556
380 0.000175238
390 0.000183344
400 0.000184774
410 0.000185013
420 0.000184298
430 0.000186682
440 0.000184059
450 0.000187874
460 0.00018692
470 0.00018692
480 0.000183821
490 0.00019002
500 0.000183582
510 0.000181913
520 0.000183582
530 0.000184536
540 0.000183344
550 0.000185728
560 0.000183105
570 0.000184298
580 0.000186682
590 0.000185013
600 0.000185728
610 0.000186443
620 0.000190258
630 0.00019002
640 0.000189543
650 0.000190496
660 0.000190735
670 0.000188828
680 0.000188112
690 0.00019145
700 0.000192881
710 0.000190258
720 0.000195026
730 0.00019145
740 0.00019598
750 0.000195742
760 0.00019455
770 0.000198126
780 0.000193119
790 0.000187874
800 0.000195026
810 0.000194311
820 0.000195026
830 0.000196695
840 0.000196695
850 0.00019455
860 0.00019455
870 0.000197649
880 0.000199556
890 0.000197887
900 0.000197887
910 0.00019598
920 0.000196218
930 0.000197172
940 0.000195026
950 0.000197649
960 0.000199318
970 0.000196695
980 0.00019908
990 0.000198126
1000 0.000199556
